#num_vertices #num_cells #num_anchors #num_inputvertex #num_inputpoints 
81 64 2 1 61 
 
#vertices 
0 0 
1 0 
2 0 
3 0 
4 0 
5 0 
6 0 
7 0 
8 0 
0 1 
1 1 
2 1 
3 1 
4 1 
5 1 
6 1 
7 1 
8 1 
0 2 
1 2 
2 2 
3 2 
4 2 
5 2 
6 2 
7 2 
8 2 
0 3 
1 3 
2 3 
3 3 
4 3 
5 3 
6 3 
7 3 
8 3 
0 4 
1 4 
2 4 
3 4 
4 4 
5 4 
6 4 
7 4 
8 4 
0 5 
1 5 
2 5 
3 5 
4 5 
5 5 
6 5 
7 5 
8 5 
0 6 
1 6 
2 6 
3 6 
4 6 
5 6 
6 6 
7 6 
8 6 
0 7 
1 7 
2 7 
3 7 
4 7 
5 7 
6 7 
7 7 
8 7 
0 8 
1 8 
2 8 
3 8 
4 8 
5 8 
6 8 
7 8 
8 8 
 
#anchors 
72 73 
 
#cells [type s=shear r=rigid a=active] 
s 0 1 10 9 
s 1 2 11 10 
s 2 3 12 11 
s 3 4 13 12 
s 4 5 14 13 
s 5 6 15 14 
s 6 7 16 15 
s 7 8 17 16 
s 9 10 19 18 
s 10 11 20 19 
s 11 12 21 20 
s 12 13 22 21 
s 13 14 23 22 
s 14 15 24 23 
s 15 16 25 24 
s 16 17 26 25 
s 18 19 28 27 
s 19 20 29 28 
s 20 21 30 29 
s 21 22 31 30 
s 22 23 32 31 
s 23 24 33 32 
s 24 25 34 33 
s 25 26 35 34 
s 27 28 37 36 
s 28 29 38 37 
s 29 30 39 38 
s 30 31 40 39 
s 31 32 41 40 
s 32 33 42 41 
s 33 34 43 42 
s 34 35 44 43 
s 36 37 46 45 
s 37 38 47 46 
s 38 39 48 47 
s 39 40 49 48 
s 40 41 50 49 
s 41 42 51 50 
s 42 43 52 51 
s 43 44 53 52 
s 45 46 55 54 
s 46 47 56 55 
s 47 48 57 56 
s 48 49 58 57 
s 49 50 59 58 
s 50 51 60 59 
s 51 52 61 60 
s 52 53 62 61 
s 54 55 64 63 
s 55 56 65 64 
s 56 57 66 65 
s 57 58 67 66 
s 58 59 68 67 
s 59 60 69 68 
s 60 61 70 69 
s 61 62 71 70 
s 63 64 73 72 
s 64 65 74 73 
s 65 66 75 74 
s 66 67 76 75 
s 67 68 77 76 
s 68 69 78 77 
s 69 70 79 78 
s 70 71 80 79 
 
#input path 
16 
7 1 
6.94021463394165 1.0455504655838013 
6.8800225257873535 1.0915071964263916 
6.820644378662109 1.137464165687561 
6.760452747344971 1.1830143928527832 
6.701075077056885 1.228564739227295 
6.64129114151001 1.2745217084884644 
6.581506252288818 1.3204786777496338 
6.521721363067627 1.3660287857055664 
6.458683013916016 1.3151915073394775 
6.395644664764404 1.2643542289733887 
6.332606315612793 1.2135169506072998 
6.269161224365234 1.1626794338226318 
6.206122398376465 1.111842155456543 
6.14308500289917 1.0610051155090332 
6.080046653747559 1.0101675987243652 
6.017008304595947 0.959330677986145 
6.143898963928223 0.959330677986145 
6.271194934844971 0.959330677986145 
6.398491859436035 0.959330677986145 
6.525381088256836 0.959330677986145 
6.652271747589111 0.959330677986145 
6.779567241668701 0.959330677986145 
6.906864643096924 0.959330677986145 
7.033754348754883 0.959330677986145 
7.033754348754883 1.0610051155090332 
7.033754348754883 1.1626794338226318 
7.033754348754883 1.2643542289733887 
7.033754348754883 1.3660287857055664 
7.033754348754883 1.4677037000656128 
7.033754348754883 1.5693778991699219 
7.033754348754883 1.6710530519485474 
7.033754348754883 1.7727272510528564 
6.906864643096924 1.7727272510528564 
6.779567241668701 1.7727272510528564 
6.652271747589111 1.7727272510528564 
6.525381088256836 1.7727272510528564 
6.398491859436035 1.7727272510528564 
6.271194934844971 1.7727272510528564 
6.143898963928223 1.7727272510528564 
6.017008304595947 1.7727272510528564 
6.017008304595947 1.6759333610534668 
6.017008304595947 1.579138994216919 
6.017008304595947 1.482344388961792 
6.017008304595947 1.3859570026397705 
6.017008304595947 1.2891627550125122 
6.017008304595947 1.1923686265945435 
6.017008304595947 1.0955743789672852 
6.017008304595947 0.9987801909446716 
6.097535133361816 0.9987801909446716 
6.180093765258789 0.9991870522499084 
6.267127990722656 0.9991870522499084 
6.346434116363525 0.9991870522499084 
6.422080039978027 0.9991870522499084 
6.500165939331055 0.9995935559272766 
6.599400520324707 0.9995935559272766 
6.688874244689941 0.9995935559272766 
6.775094032287598 0.9995935559272766 
6.853587627410889 1 
6.931673526763916 1 
7 1 
 