#num_vertices #num_cells #num_anchors #num_inputvertex #num_inputpoints 
81 64 2 1 50 
 
#vertices 
0 0 
1 0 
2 0 
3 0 
4 0 
5 0 
6 0 
7 0 
8 0 
0 1 
1 1 
2 1 
3 1 
4 1 
5 1 
6 1 
7 1 
8 1 
0 2 
1 2 
2 2 
3 2 
4 2 
5 2 
6 2 
7 2 
8 2 
0 3 
1 3 
2 3 
3 3 
4 3 
5 3 
6 3 
7 3 
8 3 
0 4 
1 4 
2 4 
3 4 
4 4 
5 4 
6 4 
7 4 
8 4 
0 5 
1 5 
2 5 
3 5 
4 5 
5 5 
6 5 
7 5 
8 5 
0 6 
1 6 
2 6 
3 6 
4 6 
5 6 
6 6 
7 6 
8 6 
0 7 
1 7 
2 7 
3 7 
4 7 
5 7 
6 7 
7 7 
8 7 
0 8 
1 8 
2 8 
3 8 
4 8 
5 8 
6 8 
7 8 
8 8 
 
#anchors 
72 73 
 
#cells [type s=shear r=rigid a=active] 
s 0 1 10 9 
s 1 2 11 10 
s 2 3 12 11 
s 3 4 13 12 
s 4 5 14 13 
s 5 6 15 14 
s 6 7 16 15 
s 7 8 17 16 
s 9 10 19 18 
s 10 11 20 19 
s 11 12 21 20 
s 12 13 22 21 
s 13 14 23 22 
s 14 15 24 23 
s 15 16 25 24 
s 16 17 26 25 
s 18 19 28 27 
s 19 20 29 28 
s 20 21 30 29 
s 21 22 31 30 
s 22 23 32 31 
s 23 24 33 32 
s 24 25 34 33 
s 25 26 35 34 
s 27 28 37 36 
s 28 29 38 37 
s 29 30 39 38 
s 30 31 40 39 
s 31 32 41 40 
s 32 33 42 41 
s 33 34 43 42 
s 34 35 44 43 
s 36 37 46 45 
s 37 38 47 46 
s 38 39 48 47 
s 39 40 49 48 
s 40 41 50 49 
s 41 42 51 50 
s 42 43 52 51 
s 43 44 53 52 
s 45 46 55 54 
s 46 47 56 55 
s 47 48 57 56 
s 48 49 58 57 
s 49 50 59 58 
s 50 51 60 59 
s 51 52 61 60 
s 52 53 62 61 
s 54 55 64 63 
s 55 56 65 64 
s 56 57 66 65 
s 57 58 67 66 
s 58 59 68 67 
s 59 60 69 68 
s 60 61 70 69 
s 61 62 71 70 
s 63 64 73 72 
s 64 65 74 73 
s 65 66 75 74 
s 66 67 76 75 
s 67 68 77 76 
s 68 69 78 77 
s 69 70 79 78 
s 70 71 80 79 
 
#input path 
16 
7 1 
6.971407413482666 1.0888707637786865 
6.8892998695373535 1.159528374671936 
6.764120101928711 1.1964528560638428 
6.611677646636963 1.1889708042144775 
6.450963020324707 1.1329692602157593 
6.301464080810547 1.031463623046875 
6.180515766143799 0.894307017326355 
6.1009416580200195 0.7368278503417969 
6.069272041320801 0.5777825117111206 
6.084938049316406 0.4367462992668152 
6.140413284301758 0.3314189016819 
6.222343921661377 0.275153249502182 
6.313557147979736 0.275153249502182 
6.395488262176514 0.3314189016819 
6.450963020324707 0.4367462992668152 
6.4666290283203125 0.5777825117111206 
6.434961318969727 0.7368278503417969 
6.355387210845947 0.894307017326355 
6.234437465667725 1.031463623046875 
6.084938049316406 1.1329692602157593 
5.924224853515625 1.1889708042144775 
5.771781921386719 1.1964528560638428 
5.646602153778076 1.159528374671936 
5.564494609832764 1.0888707637786865 
5.535901069641113 1 
5.564494609832764 0.9111292958259583 
5.646602153778076 0.8404712677001953 
5.771781921386719 0.8035470843315125 
5.924224853515625 0.811028242111206 
6.084938049316406 0.8670305013656616 
6.234437465667725 0.9685364365577698 
6.355387210845947 1.105692982673645 
6.434961318969727 1.263171911239624 
6.4666290283203125 1.4222173690795898 
6.450963020324707 1.563253402709961 
6.395488262176514 1.6685817241668701 
6.313557147979736 1.724846601486206 
6.222343921661377 1.724846601486206 
6.140413284301758 1.6685817241668701 
6.084938049316406 1.563253402709961 
6.069272041320801 1.4222173690795898 
6.1009416580200195 1.263171911239624 
6.180515766143799 1.105692982673645 
6.301464080810547 0.9685364365577698 
6.450963020324707 0.8670305013656616 
6.611677646636963 0.811028242111206 
6.764120101928711 0.8035470843315125 
6.8892998695373535 0.8404712677001953 
6.971407413482666 0.9111292958259583 
 