50
5 1 
5.005859375 0.9865988492965698 
5.023374557495117 0.9513186812400818 
5.052608013153076 0.9013903737068176 
5.093498706817627 0.8441693186759949 
5.1461076736450195 0.7869479060173035 
5.210371494293213 0.737019956111908 
5.286355018615723 0.7017398476600647 
5.373993873596191 0.6883381605148315 
5.458828449249268 0.6996828317642212 
5.526895523071289 0.7321580052375793 
5.578880310058594 0.7836444973945618 
5.615531921386719 0.8519607782363892 
5.637597560882568 0.9348630309104919 
5.645700931549072 1.0301690101623535 
5.640714168548584 1.1357600688934326 
5.623323440551758 1.2493294477462769 
5.578631401062012 1.3709399700164795 
5.4996562004089355 1.4976613521575928 
5.398677349090576 1.6229496002197266 
5.2882866859436035 1.7401968240737915 
5.180764198303223 1.8427962064743042 
5.0886359214782715 1.9242639541625977 
5.024247646331787 1.9779325723648071 
5 1.997317910194397 
4.975752353668213 1.978306770324707 
4.9113640785217285 1.9253859519958496 
4.819235801696777 1.845039963722229 
4.7117133140563965 1.7435004711151123 
4.601322650909424 1.62725031375885 
4.500343322753906 1.5025235414505005 
4.421368598937988 1.3756769895553589 
4.376676082611084 1.2531317472457886 
4.359285831451416 1.1383156776428223 
4.354299068450928 1.031789779663086 
4.362401962280273 0.9357978105545044 
4.384468078613281 0.8524596095085144 
4.421119213104248 0.7838940024375916 
4.473104476928711 0.7322203516960144 
4.541171550750732 0.6996828317642212 
4.62600564956665 0.6883381605148315 
4.713644981384277 0.7017398476600647 
4.789628505706787 0.737019956111908 
4.8538923263549805 0.7869479060173035 
4.906501293182373 0.8441693186759949 
4.947391986846924 0.9013903737068176 
4.976625442504883 0.9513186812400818 
4.994140625 0.9865988492965698 
5 1 
5 1 
 