50
5 1 
4.9763689041137695 1.0734468698501587 
4.908511638641357 1.1318416595458984 
4.805057048797607 1.1623578071594238 
4.679071426391602 1.1561743021011353 
4.546250343322754 1.1098920106887817 
4.422697067260742 1.0260030031204224 
4.3227386474609375 0.9126505255699158 
4.256975173950195 0.7825024127960205 
4.230802536010742 0.6510599255561829 
4.243750095367432 0.5345010757446289 
4.2895965576171875 0.44745367765426636 
4.357308864593506 0.40095317363739014 
4.43269157409668 0.40095317363739014 
4.50040340423584 0.44745367765426636 
4.546250343322754 0.5345010757446289 
4.559197425842285 0.6510599255561829 
4.533024787902832 0.7825024127960205 
4.46726131439209 0.9126505255699158 
4.367302894592285 1.0260030031204224 
4.243750095367432 1.1098920106887817 
4.110928535461426 1.1561743021011353 
3.98494291305542 1.1623578071594238 
3.8814878463745117 1.1318416595458984 
3.813631534576416 1.0734468698501587 
3.7899999618530273 1 
3.813631534576416 0.9265532493591309 
3.8814878463745117 0.8681581616401672 
3.98494291305542 0.837642252445221 
4.110928535461426 0.8438250422477722 
4.243750095367432 0.8901079297065735 
4.367302894592285 0.9739970564842224 
4.46726131439209 1.0873496532440186 
4.533024787902832 1.21749746799469 
4.559197425842285 1.3489400148391724 
4.546250343322754 1.465498924255371 
4.50040340423584 1.552546739578247 
4.43269157409668 1.5990467071533203 
4.357308864593506 1.5990467071533203 
4.2895965576171875 1.552546739578247 
4.243750095367432 1.465498924255371 
4.230802536010742 1.3489400148391724 
4.256975173950195 1.21749746799469 
4.3227386474609375 1.0873496532440186 
4.422697067260742 0.9739970564842224 
4.546250343322754 0.8901079297065735 
4.679071426391602 0.8438250422477722 
4.805057048797607 0.837642252445221 
4.908511638641357 0.8681581616401672 
4.9763689041137695 0.9265532493591309 
 