#num_vertices #num_cells #num_anchors #index_inputvertex #num_inputpoints #index_outputvertex #num_outputpoints
49 36 2 1 51 -1 0

#vertices
0 0
1 0
2 0
3 0
4 0
5 0
6 0
0 1
1 1
2 1
3 1
4 1
5 1
6 1
0 2
1 2
2 2
3 2
4 2
5 2
6 2
0 3
1 3
2 3
3 3
4 3
5 3
6 3
0 4
1 4
2 4
3 4
4 4
5 4
6 4
0 5
1 5
2 5
3 5
4 5
5 5
6 5
0 6
1 6
2 6
3 6
4 6
5 6
6 6

#anchors
0 1

#cells [type s=shear r=rigid]
s 0 1 8 7
s 1 2 9 8
s 2 3 10 9
s 3 4 11 10
s 4 5 12 11
s 5 6 13 12
s 7 8 15 14
s 8 9 16 15
s 9 10 17 16
s 10 11 18 17
s 11 12 19 18
s 12 13 20 19
s 14 15 22 21
s 15 16 23 22
s 16 17 24 23
s 17 18 25 24
s 18 19 26 25
s 19 20 27 26
s 21 22 29 28
s 22 23 30 29
s 23 24 31 30
s 24 25 32 31
s 25 26 33 32
s 26 27 34 33
s 28 29 36 35
s 29 30 37 36
s 30 31 38 37
s 31 32 39 38
s 32 33 40 39
s 33 34 41 40
s 35 36 43 42
s 36 37 44 43
s 37 38 45 44
s 38 39 46 45
s 39 40 47 46
s 40 41 48 47

#input path
48
4.8260	5.5035
5.0260	5.5049
5.2260	5.5063
5.4260	5.5076
5.6260	5.5090
5.8260	5.5104
6.0260	5.5118
6.2260	5.5131
6.4260	5.5145
6.6260	5.5159
6.8260	5.5173
6.6333	5.6320
6.4406	5.7468
6.2479	5.8616
6.0553	5.9764
5.8626	6.0912
5.6699	6.2059
5.4772	6.3207
5.2845	6.4355
5.0918	6.5503
4.8992	6.6650
4.9992	6.4657
5.0992	6.2664
5.1992	6.0671
5.2992	5.8678
5.3992	5.6685
5.4992	5.4692
5.5992	5.2698
5.6992	5.0705
5.7992	4.8712
5.8992	4.6719
5.9740	4.8719
6.0488	5.0719
6.1235	5.2719
6.1983	5.4719
6.2731	5.6719
6.3479	5.8719
6.4227	6.0719
6.4975	6.2719
6.5723	6.4719
6.6471	6.6719
6.4650	6.5551
6.2829	6.4382
6.1008	6.3214
5.9187	6.2046
5.7366	6.0877
5.5544	5.9709
5.3723	5.8540
5.1902	5.7372
5.0081	5.6204
4.8260	5.5035