#num_vertices #num_cells #num_anchors #index_inputvertex #num_inputpoints #index_outputvertex #num_outputpoints
49 36 2 1 50 -1 0

#vertices
0 0
1 0
2 0
3 0
4 0
5 0
6 0
0 1
1 1
2 1
3 1
4 1
5 1
6 1
0 2
1 2
2 2
3 2
4 2
5 2
6 2
0 3
1 3
2 3
3 3
4 3
5 3
6 3
0 4
1 4
2 4
3 4
4 4
5 4
6 4
0 5
1 5
2 5
3 5
4 5
5 5
6 5
0 6
1 6
2 6
3 6
4 6
5 6
6 6

#anchors
0 1

#cells [type s=shear r=rigid]
s 0 1 8 7
s 1 2 9 8
s 2 3 10 9
s 3 4 11 10
s 4 5 12 11
s 5 6 13 12
s 7 8 15 14
s 8 9 16 15
s 9 10 17 16
s 10 11 18 17
s 11 12 19 18
s 12 13 20 19
s 14 15 22 21
s 15 16 23 22
s 16 17 24 23
s 17 18 25 24
s 18 19 26 25
s 19 20 27 26
s 21 22 29 28
s 22 23 30 29
s 23 24 31 30
s 24 25 32 31
s 25 26 33 32
s 26 27 34 33
s 28 29 36 35
s 29 30 37 36
s 30 31 38 37
s 31 32 39 38
s 32 33 40 39
s 33 34 41 40
s 35 36 43 42
s 36 37 44 43
s 37 38 45 44
s 38 39 46 45
s 39 40 47 46
s 40 41 48 47

#input path
48
7.0000	6.0000
6.9609	6.1214
6.8488	6.2179
6.6778	6.2684
6.4695	6.2581
6.2500	6.1816
6.0458	6.0430
5.8806	5.8556
5.7719	5.6405
5.7286	5.4232
5.7500	5.2306
5.8258	5.0867
5.9377	5.0098
6.0623	5.0098
6.1742	5.0867
6.2500	5.2306
6.2714	5.4232
6.2281	5.6405
6.1194	5.8556
5.9542	6.0430
5.7500	6.1816
5.5305	6.2581
5.3222	6.2684
5.1512	6.2179
5.0391	6.1214
5.0000	6.0000
5.0391	5.8786
5.1512	5.7821
5.3222	5.7316
5.5305	5.7419
5.7500	5.8184
5.9542	5.9570
6.1194	6.1444
6.2281	6.3595
6.2714	6.5768
6.2500	6.7694
6.1742	6.9133
6.0623	6.9902
5.9377	6.9902
5.8258	6.9133
5.7500	6.7694
5.7286	6.5768
5.7719	6.3595
5.8806	6.1444
6.0458	5.9570
6.2500	5.8184
6.4695	5.7419
6.6778	5.7316
6.8488	5.7821
6.9609	5.8786