#num_vertices #num_cells #num_anchors #num_inputvertex #num_inputpoints 
81 64 4 1 49 
 
#vertices 
0 0 
1 0 
2 0 
3 0 
4 0 
5 0 
6 0 
7 0 
8 0 
0 1 
1 1 
2 1 
3 1 
4 1 
5 1 
6 1 
7 1 
8 1 
0 2 
1 2 
2 2 
3 2 
4 2 
5 2 
6 2 
7 2 
8 2 
0 3 
1 3 
2 3 
3 3 
4 3 
5 3 
6 3 
7 3 
8 3 
0 4 
1 4 
2 4 
3 4 
4 4 
5 4 
6 4 
7 4 
8 4 
0 5 
1 5 
2 5 
3 5 
4 5 
5 5 
6 5 
7 5 
8 5 
0 6 
1 6 
2 6 
3 6 
4 6 
5 6 
6 6 
7 6 
8 6 
0 7 
1 7 
2 7 
3 7 
4 7 
5 7 
6 7 
7 7 
8 7 
0 8 
1 8 
2 8 
3 8 
4 8 
5 8 
6 8 
7 8 
8 8 
 
#anchors 
63 64 72 73 
 
#cells [type s=shear r=rigid a=active] 
s 0 1 10 9 
s 1 2 11 10 
s 2 3 12 11 
s 3 4 13 12 
s 4 5 14 13 
s 5 6 15 14 
s 6 7 16 15 
s 7 8 17 16 
s 9 10 19 18 
s 10 11 20 19 
s 11 12 21 20 
s 12 13 22 21 
s 13 14 23 22 
s 14 15 24 23 
s 15 16 25 24 
s 16 17 26 25 
s 18 19 28 27 
s 19 20 29 28 
s 20 21 30 29 
s 21 22 31 30 
s 22 23 32 31 
s 23 24 33 32 
s 24 25 34 33 
s 25 26 35 34 
s 27 28 37 36 
s 28 29 38 37 
s 29 30 39 38 
s 30 31 40 39 
s 31 32 41 40 
s 32 33 42 41 
s 33 34 43 42 
s 34 35 44 43 
s 36 37 46 45 
s 37 38 47 46 
s 38 39 48 47 
s 39 40 49 48 
s 40 41 50 49 
s 41 42 51 50 
s 42 43 52 51 
s 43 44 53 52 
s 45 46 55 54 
s 46 47 56 55 
s 47 48 57 56 
s 48 49 58 57 
s 49 50 59 58 
s 50 51 60 59 
s 51 52 61 60 
s 52 53 62 61 
s 54 55 64 63 
s 55 56 65 64 
s 56 57 66 65 
s 57 58 67 66 
s 58 59 68 67 
s 59 60 69 68 
s 60 61 70 69 
s 61 62 71 70 
s 63 64 73 72 
s 64 65 74 73 
s 65 66 75 74 
s 66 67 76 75 
s 67 68 77 76 
s 68 69 78 77 
s 69 70 79 78 
s 70 71 80 79 
 
#input path 
15 
6 1 
6.006327152252197 0.9855267405509949 
6.025244235992432 0.9474245309829712 
6.056816577911377 0.8935016989707947 
6.100977897644043 0.8317028880119324 
6.15779447555542 0.769903838634491 
6.227200984954834 0.7159817218780518 
6.309262275695801 0.6778789758682251 
6.4039130210876465 0.6634054780006409 
6.4955339431762695 0.6756574511528015 
6.569045543670654 0.7107307314872742 
6.625189781188965 0.7663359642028809 
6.664773941040039 0.8401175141334534 
6.688604831695557 0.9296520948410034 
6.697356224060059 1.0325825214385986 
6.6919708251953125 1.1466208696365356 
6.67318868637085 1.2692756652832031 
6.6249213218688965 1.4006150960922241 
6.539628028869629 1.5374747514724731 
6.43057107925415 1.6727856397628784 
6.311348915100098 1.799412727355957 
6.195224285125732 1.910219430923462 
6.09572696685791 1.9982057809829712 
6.026186466217041 2.0561671257019043 
6 2.077103614807129 
5.973812103271484 2.0565710067749023 
5.904271602630615 1.9994173049926758 
5.804774284362793 1.9126428365707397 
5.688650131225586 1.8029801845550537 
5.569427490234375 1.6774303913116455 
5.4603705406188965 1.542725682258606 
5.375077247619629 1.4057313203811646 
5.326810359954834 1.273382306098938 
5.308028221130371 1.1493810415267944 
5.302642345428467 1.0343329906463623 
5.311394214630127 0.9306617379188538 
5.3352251052856445 0.8406562209129333 
5.374808311462402 0.7666054368019104 
5.430952548980713 0.710797905921936 
5.504464626312256 0.6756574511528015 
5.596086025238037 0.6634054780006409 
5.690736293792725 0.6778789758682251 
5.77279806137085 0.7159817218780518 
5.8422040939331055 0.769903838634491 
5.899021148681641 0.8317028880119324 
5.943182468414307 0.8935016989707947 
5.974754810333252 0.9474245309829712 
5.99367094039917 0.9855267405509949 
6 1 