#num_vertices #num_cells #num_anchors #index_inputvertex #num_inputpoints #index_outputvertex #num_outputpoints
66 50 2 2 31 -1 0

#vertices
0 0
1 0
2 0
3 0
4 0
5 0
0 1
1 1
2 1
3 1
4 1
5 1
0 2
1 2
2 2
3 2
4 2
5 2
0 3
1 3
2 3
3 3
4 3
5 3
0 4
1 4
2 4
3 4
4 4
5 4
0 5
1 5
2 5
3 5
4 5
5 5
0 6
1 6
2 6
3 6
4 6
5 6
0 7
1 7
2 7
3 7
4 7
5 7
0 8
1 8
2 8
3 8
4 8
5 8
0 9
1 9
2 9
3 9
4 9
5 9
0 10
1 10
2 10
3 10
4 10
5 10

#anchors
60 61

#cells [type s=shear r=rigid]
s 0 1 7 6 
s 1 2 8 7 
s 2 3 9 8 
s 3 4 10 9 
s 4 5 11 10 
s 6 7 13 12 
r 7 8 14 13 
s 8 9 15 14 
s 9 10 16 15 
s 10 11 17 16 
s 12 13 19 18 
r 13 14 20 19 
s 14 15 21 20 
s 15 16 22 21 
s 16 17 23 22 
s 18 19 25 24 
s 19 20 26 25 
r 20 21 27 26 
s 21 22 28 27 
s 22 23 29 28 
s 24 25 31 30 
s 25 26 32 31 
r 26 27 33 32 
s 27 28 34 33 
s 28 29 35 34 
s 30 31 37 36 
s 31 32 38 37 
r 32 33 39 38 
s 33 34 40 39 
s 34 35 41 40 
s 36 37 43 42 
s 37 38 44 43 
s 38 39 45 44 
r 39 40 46 45 
s 40 41 47 46 
r 42 43 49 48 
s 43 44 50 49 
s 44 45 51 50 
s 45 46 52 51 
s 46 47 53 52 
s 48 49 55 54 
s 49 50 56 55 
r 50 51 57 56 
s 51 52 58 57 
s 52 53 59 58 
s 54 55 61 60 
s 55 56 62 61 
r 56 57 63 62 
s 57 58 64 63 
s 58 59 65 64 

#input path
5
4.5000	0.1340
4.5305	0.1171
4.5616	0.1012
4.5933	0.0865
4.6254	0.0728
4.6580	0.0603
4.6910	0.0489
4.7244	0.0387
4.7581	0.0297
4.7921	0.0219
4.8264	0.0152
4.8608	0.0097
4.8955	0.0055
4.9302	0.0024
4.9651	0.0006
5.0000	0.0000
5.0349	0.0006
5.0698	0.0024
5.1045	0.0055
5.1392	0.0097
5.1736	0.0152
5.2079	0.0219
5.2419	0.0297
5.2756	0.0387
5.3090	0.0489
5.3420	0.0603
5.3746	0.0728
5.4067	0.0865
5.4384	0.1012
5.4695	0.1171
5.5000	0.1340


11
4.8000	1.0000
4.8133	1.0000
4.8267	1.0000
4.8400	1.0000
4.8533	1.0000
4.8667	1.0000
4.8800	1.0000
4.8933	1.0000
4.9067	1.0000
4.9200	1.0000
4.9333	1.0000
4.9467	1.0000
4.9600	1.0000
4.9733	1.0000
4.9867	1.0000
5.0000	1.0000
5.0133	1.0000
5.0267	1.0000
5.0400	1.0000
5.0533	1.0000
5.0667	1.0000
5.0800	1.0000
5.0933	1.0000
5.1067	1.0000
5.1200	1.0000
5.1333	1.0000
5.1467	1.0000
5.1600	1.0000
5.1733	1.0000
5.1867	1.0000
5.2000	1.0000