#num_vertices #num_cells #num_anchors #index_inputvertex #num_inputpoints #index_outputvertex #num_outputpoints
121 100 2 2 46 -1 0

#vertices
0 0
1 0
2 0
3 0
4 0
5 0
6 0
7 0
8 0
9 0
10 0
0 1
1 1
2 1
3 1
4 1
5 1
6 1
7 1
8 1
9 1
10 1
0 2
1 2
2 2
3 2
4 2
5 2
6 2
7 2
8 2
9 2
10 2
0 3
1 3
2 3
3 3
4 3
5 3
6 3
7 3
8 3
9 3
10 3
0 4
1 4
2 4
3 4
4 4
5 4
6 4
7 4
8 4
9 4
10 4
0 5
1 5
2 5
3 5
4 5
5 5
6 5
7 5
8 5
9 5
10 5
0 6
1 6
2 6
3 6
4 6
5 6
6 6
7 6
8 6
9 6
10 6
0 7
1 7
2 7
3 7
4 7
5 7
6 7
7 7
8 7
9 7
10 7
0 8
1 8
2 8
3 8
4 8
5 8
6 8
7 8
8 8
9 8
10 8
0 9
1 9
2 9
3 9
4 9
5 9
6 9
7 9
8 9
9 9
10 9
0 10
1 10
2 10
3 10
4 10
5 10
6 10
7 10
8 10
9 10
10 10

#anchors
110 111

#cells [type s=shear r=rigid]
s 0 1 12 11
s 11 12 23 22
s 22 23 34 33
s 33 34 45 44
s 44 45 56 55
s 55 56 67 66
s 66 67 78 77
s 77 78 89 88
s 88 89 100 99
s 99 100 111 110
s 1 2 13 12
s 12 13 24 23
s 23 24 35 34
s 34 35 46 45
s 45 46 57 56
s 56 57 68 67
s 67 68 79 78
s 78 79 90 89
s 89 90 101 100
s 100 101 112 111
s 2 3 14 13
s 13 14 25 24
s 24 25 36 35
s 35 36 47 46
s 46 47 58 57
s 57 58 69 68
s 68 69 80 79
s 79 80 91 90
s 90 91 102 101
s 101 102 113 112
s 3 4 15 14
s 14 15 26 25
s 25 26 37 36
s 36 37 48 47
s 47 48 59 58
s 58 59 70 69
s 69 70 81 80
s 80 81 92 91
s 91 92 103 102
s 102 103 114 113
s 4 5 16 15
s 15 16 27 26
s 26 27 38 37
s 37 38 49 48
s 48 49 60 59
s 59 60 71 70
s 70 71 82 81
s 81 82 93 92
s 92 93 104 103
s 103 104 115 114
s 5 6 17 16
s 16 17 28 27
s 27 28 39 38
s 38 39 50 49
s 49 50 61 60
s 60 61 72 71
s 71 72 83 82
s 82 83 94 93
s 93 94 105 104
s 104 105 116 115
s 6 7 18 17
s 17 18 29 28
s 28 29 40 39
s 39 40 51 50
s 50 51 62 61
s 61 62 73 72
s 72 73 84 83
s 83 84 95 94
s 94 95 106 105
s 105 106 117 116
s 7 8 19 18
s 18 19 30 29
s 29 30 41 40
s 40 41 52 51
s 51 52 63 62
s 62 63 74 73
s 73 74 85 84
s 84 85 96 95
s 95 96 107 106
s 106 107 118 117
s 8 9 20 19
s 19 20 31 30
s 30 31 42 41
s 41 42 53 52
s 52 53 64 63
s 63 64 75 74
s 74 75 86 85
s 85 86 97 96
s 96 97 108 107
s 107 108 119 118
s 9 10 21 20
s 20 21 32 31
s 31 32 43 42
s 42 43 54 53
s 53 54 65 64
s 64 65 76 75
s 75 76 87 86
s 86 87 98 97
s 97 98 109 108
s 108 109 120 119

#input path
54
9.5000	5.0000
9.5433	5.0000
9.5867	5.0000
9.6300	5.0000
9.6733	5.0000
9.7167	5.0000
9.7600	5.0000
9.8033	5.0000
9.8467	5.0000
9.8900	5.0000
9.9333	5.0000
9.9767	5.0000
10.0200	5.0000
10.0536	4.9932
10.0850	4.9732
10.1119	4.9414
10.1326	4.9000
10.1456	4.8518
10.1500	4.8000
10.1500	4.7333
10.1500	4.6667
10.1500	4.6000
10.1500	4.5333
10.1500	4.4667
10.1500	4.4000
10.1500	4.3333
10.1500	4.2667
10.1500	4.2000
10.1524	4.1482
10.1594	4.1000
10.1705	4.0586
10.1850	4.0268
10.2019	4.0068
10.2200	4.0000
10.2433	4.0000
10.2667	4.0000
10.2900	4.0000
10.3133	4.0000
10.3367	4.0000
10.3600	4.0000
10.3833	4.0000
10.4067	4.0000
10.4300	4.0000
10.4533	4.0000
10.4767	4.0000
10.5000	4.0000


10
9.5000	1.0000
9.5000	1.0000
9.5000	1.0000
9.5000	1.0000
9.5000	1.0000
9.5000	1.0000
9.5000	1.0000
9.5000	1.0000
9.5000	1.0000
9.5000	1.0000
9.5000	1.0000
9.5000	1.0000
9.5000	1.0000
9.5000	1.0000
9.5000	1.0000
9.5000	1.0000
9.5000	0.9333
9.5000	0.8667
9.5000	0.8000
9.5000	0.7333
9.5000	0.6667
9.5000	0.6000
9.5000	0.5333
9.5000	0.4667
9.5000	0.4000
9.5000	0.3333
9.5000	0.2667
9.5000	0.2000
9.5010	0.1382
9.5038	0.0824
9.5082	0.0382
9.5138	0.0098
9.5200	0.0000
9.5300	0.0000
9.5400	0.0000
9.5500	0.0000
9.5600	0.0000
9.5700	0.0000
9.5800	0.0000
9.5900	0.0000
9.6000	0.0000
9.6100	0.0000
9.6200	0.0000
9.6300	0.0000
9.6400	0.0000
9.6500	0.0000
9.6500	0.0000