#num_vertices #num_cells #num_anchors #index_inputvertex #num_inputpoints
30 20 2 1 31

#vertices
0 0
1 0
2 0
3 0
4 0
5 0
0 1
1 1
2 1
3 1
4 1
5 1
0 2
1 2
2 2
3 2
4 2
5 2
0 3
1 3
2 3
3 3
4 3
5 3
0 4
1 4
2 4
3 4
4 4
5 4

#anchors
26 27

#cells [type s=shear r=rigid]
s 0 1 7 6
s 1 2 8 7
s 2 3 9 8
s 3 4 10 9
s 4 5 11 10
s 6 7 13 12
s 7 8 14 13
s 8 9 15 14
s 9 10 16 15
s 10 11 17 16
s 12 13 19 18
s 13 14 20 19
s 14 15 21 20
s 15 16 22 21
s 16 17 23 22
s 18 19 25 24
s 19 20 26 25
s 20 21 27 26
s 21 22 28 27
s 22 23 29 28

#input path
17
4.5000	2.0000
4.5333	2.0000
4.5667	2.0000
4.6000	2.0000
4.6333	2.0000
4.6667	2.0000
4.7000	2.0000
4.7333	2.0000
4.7667	2.0000
4.8000	2.0000
4.8333	2.0000
4.8667	2.0000
4.9000	2.0000
4.9333	2.0000
4.9667	2.0000
5.0000	2.0000
5.0333	2.0000
5.0667	2.0000
5.1000	2.0000
5.1333	2.0000
5.1667	2.0000
5.2000	2.0000
5.2333	2.0000
5.2667	2.0000
5.3000	2.0000
5.3333	2.0000
5.3667	2.0000
5.4000	2.0000
5.4333	2.0000
5.4667	2.0000
5.5000	2.0000