#num_vertices #num_cells #num_anchors #index_inputvertex #num_inputpoints #index_outputvertex #num_outputpoints
66 50 2 2 46 -1 0

#vertices
0 0
1 0
2 0
3 0
4 0
5 0
0 1
1 1
2 1
3 1
4 1
5 1
0 2
1 2
2 2
3 2
4 2
5 2
0 3
1 3
2 3
3 3
4 3
5 3
0 4
1 4
2 4
3 4
4 4
5 4
0 5
1 5
2 5
3 5
4 5
5 5
0 6
1 6
2 6
3 6
4 6
5 6
0 7
1 7
2 7
3 7
4 7
5 7
0 8
1 8
2 8
3 8
4 8
5 8
0 9
1 9
2 9
3 9
4 9
5 9
0 10
1 10
2 10
3 10
4 10
5 10

#anchors
60 61

#cells [type s=shear r=rigid]
s 0 1 7 6
s 1 2 8 7
s 2 3 9 8
s 3 4 10 9
s 4 5 11 10
s 6 7 13 12
s 7 8 14 13
s 8 9 15 14
s 9 10 16 15
s 10 11 17 16
s 12 13 19 18
s 13 14 20 19
s 14 15 21 20
s 15 16 22 21
s 16 17 23 22
s 18 19 25 24
s 19 20 26 25
s 20 21 27 26
s 21 22 28 27
s 22 23 29 28
s 24 25 31 30
s 25 26 32 31
s 26 27 33 32
s 27 28 34 33
s 28 29 35 34
s 30 31 37 36
s 31 32 38 37
s 32 33 39 38
s 33 34 40 39
s 34 35 41 40
s 36 37 43 42
s 37 38 44 43
s 38 39 45 44
s 39 40 46 45
s 40 41 47 46
s 42 43 49 48
s 43 44 50 49
s 44 45 51 50
s 45 46 52 51
s 46 47 53 52
s 48 49 55 54
s 49 50 56 55
s 50 51 57 56
s 51 52 58 57
s 52 53 59 58
s 54 55 61 60
s 55 56 62 61
s 56 57 63 62
s 57 58 64 63
s 58 59 65 64

#input path
29
4.5000	5.0000
4.5433	5.0000
4.5867	5.0000
4.6300	5.0000
4.6733	5.0000
4.7167	5.0000
4.7600	5.0000
4.8033	5.0000
4.8467	5.0000
4.8900	5.0000
4.9333	5.0000
4.9767	5.0000
5.0200	5.0000
5.0536	4.9932
5.0850	4.9732
5.1119	4.9414
5.1326	4.9000
5.1456	4.8518
5.1500	4.8000
5.1500	4.7333
5.1500	4.6667
5.1500	4.6000
5.1500	4.5333
5.1500	4.4667
5.1500	4.4000
5.1500	4.3333
5.1500	4.2667
5.1500	4.2000
5.1524	4.1482
5.1594	4.1000
5.1705	4.0586
5.1850	4.0268
5.2019	4.0068
5.2200	4.0000
5.2433	4.0000
5.2667	4.0000
5.2900	4.0000
5.3133	4.0000
5.3367	4.0000
5.3600	4.0000
5.3833	4.0000
5.4067	4.0000
5.4300	4.0000
5.4533	4.0000
5.4767	4.0000
5.5000	4.0000


5
4.5000	1.0000
4.5000	1.0000
4.5000	1.0000
4.5000	1.0000
4.5000	1.0000
4.5000	1.0000
4.5000	1.0000
4.5000	1.0000
4.5000	1.0000
4.5000	1.0000
4.5000	1.0000
4.5000	1.0000
4.5000	1.0000
4.5000	1.0000
4.5000	1.0000
4.5000	1.0000
4.5000	0.9333
4.5000	0.8667
4.5000	0.8000
4.5000	0.7333
4.5000	0.6667
4.5000	0.6000
4.5000	0.5333
4.5000	0.4667
4.5000	0.4000
4.5000	0.3333
4.5000	0.2667
4.5000	0.2000
4.5010	0.1382
4.5038	0.0824
4.5082	0.0382
4.5138	0.0098
4.5200	0.0000
4.5300	0.0000
4.5400	0.0000
4.5500	0.0000
4.5600	0.0000
4.5700	0.0000
4.5800	0.0000
4.5900	0.0000
4.6000	0.0000
4.6100	0.0000
4.6200	0.0000
4.6300	0.0000
4.6400	0.0000
4.6500	0.0000