#num_vertices #num_cells #num_anchors #num_inputvertex #num_inputpoints 
81 64 2 1 61 
 
#vertices 
0 0 
1 0 
2 0 
3 0 
4 0 
5 0 
6 0 
7 0 
8 0 
0 1 
1 1 
2 1 
3 1 
4 1 
5 1 
6 1 
7 1 
8 1 
0 2 
1 2 
2 2 
3 2 
4 2 
5 2 
6 2 
7 2 
8 2 
0 3 
1 3 
2 3 
3 3 
4 3 
5 3 
6 3 
7 3 
8 3 
0 4 
1 4 
2 4 
3 4 
4 4 
5 4 
6 4 
7 4 
8 4 
0 5 
1 5 
2 5 
3 5 
4 5 
5 5 
6 5 
7 5 
8 5 
0 6 
1 6 
2 6 
3 6 
4 6 
5 6 
6 6 
7 6 
8 6 
0 7 
1 7 
2 7 
3 7 
4 7 
5 7 
6 7 
7 7 
8 7 
0 8 
1 8 
2 8 
3 8 
4 8 
5 8 
6 8 
7 8 
8 8 
 
#anchors 
72 73
 
#cells [type s=shear r=rigid a=active] 
s 0 1 10 9 
s 1 2 11 10 
s 2 3 12 11 
s 3 4 13 12 
s 4 5 14 13 
s 5 6 15 14 
s 6 7 16 15 
s 7 8 17 16 
s 9 10 19 18 
s 10 11 20 19 
s 11 12 21 20 
s 12 13 22 21 
s 13 14 23 22 
s 14 15 24 23 
s 15 16 25 24 
s 16 17 26 25 
s 18 19 28 27 
s 19 20 29 28 
s 20 21 30 29 
s 21 22 31 30 
s 22 23 32 31 
s 23 24 33 32 
s 24 25 34 33 
s 25 26 35 34 
s 27 28 37 36 
s 28 29 38 37 
s 29 30 39 38 
s 30 31 40 39 
s 31 32 41 40 
s 32 33 42 41 
s 33 34 43 42 
s 34 35 44 43 
s 36 37 46 45 
s 37 38 47 46 
s 38 39 48 47 
s 39 40 49 48 
s 40 41 50 49 
s 41 42 51 50 
s 42 43 52 51 
s 43 44 53 52 
s 45 46 55 54 
s 46 47 56 55 
s 47 48 57 56 
s 48 49 58 57 
s 49 50 59 58 
s 50 51 60 59 
s 51 52 61 60 
s 52 53 62 61 
s 54 55 64 63 
s 55 56 65 64 
s 56 57 66 65 
s 57 58 67 66 
s 58 59 68 67 
s 59 60 69 68 
s 60 61 70 69 
s 61 62 71 70 
s 63 64 73 72 
s 64 65 74 73 
s 65 66 75 74 
s 66 67 76 75 
s 67 68 77 76 
s 68 69 78 77 
s 69 70 79 78 
s 70 71 80 79 
 
#input path 
17 
8 1 
7.9261932373046875 1.0562350749969482 
7.851882457733154 1.1129719018936157 
7.778576850891113 1.1697088479995728 
7.70426607131958 1.225943684577942 
7.630960464477539 1.2821786403656006 
7.557151794433594 1.3389157056808472 
7.483343601226807 1.3956526517868042 
7.4095354080200195 1.4518872499465942 
7.3317108154296875 1.3891253471374512 
7.253885269165039 1.326363205909729 
7.176060199737549 1.2636010646820068 
7.097733020782471 1.2008388042449951 
7.019908428192139 1.138076663017273 
6.942083358764648 1.0753147602081299 
6.8642578125 1.0125524997711182 
6.786433219909668 0.9497907757759094 
6.943086624145508 0.9497907757759094 
7.10024356842041 0.9497907757759094 
7.257400035858154 0.9497907757759094 
7.4140543937683105 0.9497907757759094 
7.570708274841309 0.9497907757759094 
7.727865219116211 0.9497907757759094 
7.885020732879639 0.9497907757759094 
8.041677474975586 0.9497907757759094 
8.041677474975586 1.0753147602081299 
8.041677474975586 1.2008388042449951 
8.041677474975586 1.326363205909729 
8.041677474975586 1.4518872499465942 
8.041677474975586 1.5774118900299072 
8.041677474975586 1.7029356956481934 
8.041677474975586 1.828460454940796 
8.041677474975586 1.953984260559082 
7.885020732879639 1.953984260559082 
7.727865219116211 1.953984260559082 
7.570708274841309 1.953984260559082 
7.4140543937683105 1.953984260559082 
7.257400035858154 1.953984260559082 
7.10024356842041 1.953984260559082 
6.943086624145508 1.953984260559082 
6.786433219909668 1.953984260559082 
6.786433219909668 1.8344857692718506 
6.786433219909668 1.7149863243103027 
6.786433219909668 1.5954868793487549 
6.786433219909668 1.4764901399612427 
6.786433219909668 1.3569910526275635 
6.786433219909668 1.2374919652938843 
6.786433219909668 1.1179929971694946 
6.786433219909668 0.9984939098358154 
6.885848522186279 0.9984939098358154 
6.987773895263672 0.9989962577819824 
7.0952229499816895 0.9989962577819824 
7.193131446838379 0.9989962577819824 
7.286521911621094 0.9989962577819824 
7.382923603057861 0.9994980692863464 
7.505435466766357 0.9994980692863464 
7.615897178649902 0.9994980692863464 
7.722341537475586 0.9994980692863464 
7.819246768951416 1 
7.9156494140625 1 
8 1 
 