#num_vertices #num_cells #num_anchors #num_inputvertex #num_inputpoints 
81 64 2 1 61 
 
#vertices 
0 0 
1 0 
2 0 
3 0 
4 0 
5 0 
6 0 
7 0 
8 0 
0 1 
1 1 
2 1 
3 1 
4 1 
5 1 
6 1 
7 1 
8 1 
0 2 
1 2 
2 2 
3 2 
4 2 
5 2 
6 2 
7 2 
8 2 
0 3 
1 3 
2 3 
3 3 
4 3 
5 3 
6 3 
7 3 
8 3 
0 4 
1 4 
2 4 
3 4 
4 4 
5 4 
6 4 
7 4 
8 4 
0 5 
1 5 
2 5 
3 5 
4 5 
5 5 
6 5 
7 5 
8 5 
0 6 
1 6 
2 6 
3 6 
4 6 
5 6 
6 6 
7 6 
8 6 
0 7 
1 7 
2 7 
3 7 
4 7 
5 7 
6 7 
7 7 
8 7 
0 8 
1 8 
2 8 
3 8 
4 8 
5 8 
6 8 
7 8 
8 8 
 
#anchors 
72 73 
 
#cells [type s=shear r=rigid a=active] 
s 0 1 10 9 
s 1 2 11 10 
s 2 3 12 11 
s 3 4 13 12 
s 4 5 14 13 
s 5 6 15 14 
s 6 7 16 15 
s 7 8 17 16 
s 9 10 19 18 
s 10 11 20 19 
s 11 12 21 20 
s 12 13 22 21 
s 13 14 23 22 
s 14 15 24 23 
s 15 16 25 24 
s 16 17 26 25 
s 18 19 28 27 
s 19 20 29 28 
s 20 21 30 29 
s 21 22 31 30 
s 22 23 32 31 
s 23 24 33 32 
s 24 25 34 33 
s 25 26 35 34 
s 27 28 37 36 
s 28 29 38 37 
s 29 30 39 38 
s 30 31 40 39 
s 31 32 41 40 
s 32 33 42 41 
s 33 34 43 42 
s 34 35 44 43 
s 36 37 46 45 
s 37 38 47 46 
s 38 39 48 47 
s 39 40 49 48 
s 40 41 50 49 
s 41 42 51 50 
s 42 43 52 51 
s 43 44 53 52 
s 45 46 55 54 
s 46 47 56 55 
s 47 48 57 56 
s 48 49 58 57 
s 49 50 59 58 
s 50 51 60 59 
s 51 52 61 60 
s 52 53 62 61 
s 54 55 64 63 
s 55 56 65 64 
s 56 57 66 65 
s 57 58 67 66 
s 58 59 68 67 
s 59 60 69 68 
s 60 61 70 69 
s 61 62 71 70 
s 63 64 73 72 
s 64 65 74 73 
s 65 66 75 74 
s 66 67 76 75 
s 67 68 77 76 
s 68 69 78 77 
s 69 70 79 78 
s 70 71 80 79 
 
#input path 
17 
8 1 
7.90908670425415 1.0578548908233643 
7.817655086517334 1.116226315498352 
7.726740837097168 1.1745976209640503 
7.635309219360352 1.232452392578125 
7.5443949699401855 1.2903071641921997 
7.4534807205200195 1.348678469657898 
7.362049102783203 1.4070500135421753 
7.271134376525879 1.46490478515625 
7.17505407333374 1.4003347158432007 
7.078973293304443 1.3357645273208618 
6.982892990112305 1.271194577217102 
6.886296272277832 1.2066243886947632 
6.790216445922852 1.1420543193817139 
6.694135665893555 1.077484130859375 
6.598055839538574 1.0129141807556152 
6.501975059509277 0.9483441710472107 
6.695685386657715 0.9483441710472107 
6.889395713806152 0.9483441710472107 
7.083105564117432 0.9483441710472107 
7.276816368103027 0.9483441710472107 
7.470526695251465 0.9483441710472107 
7.664236545562744 0.9483441710472107 
7.857946395874023 0.9483441710472107 
8.051656723022461 0.9483441710472107 
8.051656723022461 1.077484130859375 
8.051656723022461 1.2066243886947632 
8.051656723022461 1.3357645273208618 
8.051656723022461 1.46490478515625 
8.051656723022461 1.5940449237823486 
8.051656723022461 1.723185420036316 
8.051656723022461 1.852325677871704 
8.051656723022461 1.9814649820327759 
7.857946395874023 1.9814649820327759 
7.664236545562744 1.9814649820327759 
7.470526695251465 1.9814649820327759 
7.276816368103027 1.9814649820327759 
7.083105564117432 1.9814649820327759 
6.889395713806152 1.9814649820327759 
6.695685386657715 1.9814649820327759 
6.501975059509277 1.9814649820327759 
6.501975059509277 1.8585236072540283 
6.501975059509277 1.7355825901031494 
6.501975059509277 1.6126408576965332 
6.501975059509277 1.4902162551879883 
6.501975059509277 1.3672746419906616 
6.501975059509277 1.2443335056304932 
6.501975059509277 1.1213918924331665 
6.501975059509277 0.998450517654419 
6.624917030334473 0.998450517654419 
6.750441551208496 0.9989672303199768 
6.883196830749512 0.9989672303199768 
7.004072189331055 0.9989672303199768 
7.119265556335449 0.9989672303199768 
7.238591194152832 0.9994837641716003 
7.3899431228637695 0.9994837641716003 
7.525798320770264 0.9994837641716003 
7.657521724700928 0.9994837641716003 
7.7768473625183105 1 
7.896172523498535 1 
8 1 