#num_vertices #num_cells #num_anchors #num_inputvertex #num_inputpoints 
81 64 2 1 50 
 
#vertices 
0 0 
1 0 
2 0 
3 0 
4 0 
5 0 
6 0 
7 0 
8 0 
0 1 
1 1 
2 1 
3 1 
4 1 
5 1 
6 1 
7 1 
8 1 
0 2 
1 2 
2 2 
3 2 
4 2 
5 2 
6 2 
7 2 
8 2 
0 3 
1 3 
2 3 
3 3 
4 3 
5 3 
6 3 
7 3 
8 3 
0 4 
1 4 
2 4 
3 4 
4 4 
5 4 
6 4 
7 4 
8 4 
0 5 
1 5 
2 5 
3 5 
4 5 
5 5 
6 5 
7 5 
8 5 
0 6 
1 6 
2 6 
3 6 
4 6 
5 6 
6 6 
7 6 
8 6 
0 7 
1 7 
2 7 
3 7 
4 7 
5 7 
6 7 
7 7 
8 7 
0 8 
1 8 
2 8 
3 8 
4 8 
5 8 
6 8 
7 8 
8 8 
 
#anchors 
72 73 
 
#cells [type s=shear r=rigid a=active] 
s 0 1 10 9 
s 1 2 11 10 
s 2 3 12 11 
s 3 4 13 12 
s 4 5 14 13 
s 5 6 15 14 
s 6 7 16 15 
s 7 8 17 16 
s 9 10 19 18 
s 10 11 20 19 
s 11 12 21 20 
s 12 13 22 21 
s 13 14 23 22 
s 14 15 24 23 
s 15 16 25 24 
s 16 17 26 25 
s 18 19 28 27 
s 19 20 29 28 
s 20 21 30 29 
s 21 22 31 30 
s 22 23 32 31 
s 23 24 33 32 
s 24 25 34 33 
s 25 26 35 34 
s 27 28 37 36 
s 28 29 38 37 
s 29 30 39 38 
s 30 31 40 39 
s 31 32 41 40 
s 32 33 42 41 
s 33 34 43 42 
s 34 35 44 43 
s 36 37 46 45 
s 37 38 47 46 
s 38 39 48 47 
s 39 40 49 48 
s 40 41 50 49 
s 41 42 51 50 
s 42 43 52 51 
s 43 44 53 52 
s 45 46 55 54 
s 46 47 56 55 
s 47 48 57 56 
s 48 49 58 57 
s 49 50 59 58 
s 50 51 60 59 
s 51 52 61 60 
s 52 53 62 61 
s 54 55 64 63 
s 55 56 65 64 
s 56 57 66 65 
s 57 58 67 66 
s 58 59 68 67 
s 59 60 69 68 
s 60 61 70 69 
s 61 62 71 70 
s 63 64 73 72 
s 64 65 74 73 
s 65 66 75 74 
s 66 67 76 75 
s 67 68 77 76 
s 68 69 78 77 
s 69 70 79 78 
s 70 71 80 79 
 
#input path 
16 
7 1 
6.974006652832031 1.0807915925979614 
6.8993635177612305 1.1450258493423462 
6.7855634689331055 1.1785935163497925 
6.646979331970215 1.171791672706604 
6.500875473022461 1.120881199836731 
6.364967346191406 1.0286033153533936 
6.255013942718506 0.903915524482727 
6.182673931121826 0.7607526183128357 
6.153883457183838 0.6161658763885498 
6.168125152587891 0.4879511892795563 
6.218557357788086 0.39219900965690613 
6.293039798736572 0.3410484194755554 
6.375960826873779 0.3410484194755554 
6.450443744659424 0.39219900965690613 
6.500875473022461 0.4879511892795563 
6.515117168426514 0.6161658763885498 
6.486328125 0.7607526183128357 
6.41398811340332 0.903915524482727 
6.3040337562561035 1.0286033153533936 
6.168125152587891 1.120881199836731 
6.022022247314453 1.171791672706604 
5.8834381103515625 1.1785935163497925 
5.7696380615234375 1.1450258493423462 
5.694994926452637 1.0807915925979614 
5.669000625610352 1 
5.694994926452637 0.9192084670066833 
5.7696380615234375 0.8549738526344299 
5.8834381103515625 0.8214065432548523 
6.022022247314453 0.8282074928283691 
6.168125152587891 0.8791186809539795 
6.3040337562561035 0.9713969230651855 
6.41398811340332 1.0960845947265625 
6.486328125 1.23924720287323 
6.515117168426514 1.3838340044021606 
6.500875473022461 1.5120487213134766 
6.450443744659424 1.6078015565872192 
6.375960826873779 1.6589515209197998 
6.293039798736572 1.6589515209197998 
6.218557357788086 1.6078015565872192 
6.168125152587891 1.5120487213134766 
6.153883457183838 1.3838340044021606 
6.182673931121826 1.23924720287323 
6.255013942718506 1.0960845947265625 
6.364967346191406 0.9713969230651855 
6.500875473022461 0.8791186809539795 
6.646979331970215 0.8282074928283691 
6.7855634689331055 0.8214065432548523 
6.8993635177612305 0.8549738526344299 
6.974006652832031 0.9192084670066833 
 