#num_vertices #num_cells #num_anchors #num_inputvertex #num_inputpoints
49 32 2 1 70

#vertices
0 0
1 0
2 0
3 0
4 0
5 0
6 0
0 1
1 1
2 1 
3 1
4 1
5 1
6 1
0 2
1 2
2 2
3 2
4 2
5 2
6 2
0 3
1 3
2 3
3 3
4 3
5 3
6 3
0 4
1 4
2 4
3 4
4 4
5 4
6 4
0 5
1 5
2 5
3 5
4 5
5 5
6 5
0 6
1 6
2 6
3 6
4 6
5 6
6 6

#anchors
0 1

#cells [type s=shear r=rigid]
s 0 1 8 7 
s 1 2 9 8 
s 4 5 12 11
s 5 6 13 12  
s 7 8 15 14 
s 8 9 16 15 
s 11 12 19 18 
s 12 13 20 19 
s 14 15 22 21 
s 15 16 23 22 
s 16 17 24 23
s 17 18 25 24  
s 18 19 26 25 
s 19 20 27 26 
s 21 22 29 28
s 22 23 30 29 
s 23 24 31 30 
s 24 25 32 31
s 25 26 33 32 
s 26 27 34 33 
s 28 29 36 35 
s 29 30 37 36 
s 30 31 38 37 
s 31 32 39 38 
s 32 33 40 39 
s 33 34 41 40 
s 35 36 43 42 
s 36 37 44 43 
s 37 38 45 44 
s 38 39 46 45 
s 39 40 47 46 
s 40 41 48 47 

#input path
48
5.939464479	5.020041391
5.922964359	5.070041391
5.906464239	5.120041391
5.889964119	5.170041391
5.873463998	5.220041391
5.856963878	5.270041391
5.840463758	5.320041391
5.823963638	5.370041391
5.807463518	5.420041391
5.790963398	5.470041391
5.774463278	5.520041391
5.796963578	5.481691759
5.819463878	5.443342126
5.841964179	5.404992494
5.864464479	5.366642861
5.886964779	5.328293229
5.90946508	5.289943596
5.93196538	5.251593964
5.954465681	5.213244331
5.976965981	5.174894698
5.999466281	5.136545066
6.000466061	5.174409125
6.001465841	5.212273183
6.00246562	5.250137242
6.0034654	5.288001301
6.00446518	5.32586536
6.00546496	5.363729419
6.006464739	5.401593477
6.007464519	5.439457536
6.008464299	5.477321595
6.009464079	5.515185654
6.015464259	5.476836507
6.021464439	5.438487361
6.027464619	5.400138214
6.033464799	5.361789068
6.03946498	5.323439921
6.04546516	5.285090775
6.05146534	5.246741628
6.05746552	5.208392482
6.063465701	5.170043336
6.069465881	5.131694189
6.08996562	5.166160204
6.11046536	5.200626218
6.1309651	5.235092233
6.151464839	5.269558248
6.171964579	5.304024263
6.192464319	5.338490277
6.212964059	5.372956292
6.233463798	5.407422307
6.253963538	5.441888321
6.274463278	5.476354336
6.254463177	5.430723042
6.234463077	5.385091747
6.214462977	5.339460453
6.194462877	5.293829158
6.174462777	5.248197864
6.154462677	5.202566569
6.134462577	5.156935275
6.114462476	5.11130398
6.094462376	5.065672686
6.074462276	5.020041391
6.060962497	5.020041391
6.047462717	5.020041391
6.033962937	5.020041391
6.020463157	5.020041391
6.006963378	5.020041391
5.993463598	5.020041391
5.979963818	5.020041391
5.966464038	5.020041391
5.952964259	5.020041391
