#num_vertices #num_cells #num_anchors #num_inputvertex #num_inputpoints 
81 64 3 1 49 
 
#vertices 
0 0 
1 0 
2 0 
3 0 
4 0 
5 0 
6 0 
7 0 
8 0 
0 1 
1 1 
2 1 
3 1 
4 1 
5 1 
6 1 
7 1 
8 1 
0 2 
1 2 
2 2 
3 2 
4 2 
5 2 
6 2 
7 2 
8 2 
0 3 
1 3 
2 3 
3 3 
4 3 
5 3 
6 3 
7 3 
8 3 
0 4 
1 4 
2 4 
3 4 
4 4 
5 4 
6 4 
7 4 
8 4 
0 5 
1 5 
2 5 
3 5 
4 5 
5 5 
6 5 
7 5 
8 5 
0 6 
1 6 
2 6 
3 6 
4 6 
5 6 
6 6 
7 6 
8 6 
0 7 
1 7 
2 7 
3 7 
4 7 
5 7 
6 7 
7 7 
8 7 
0 8 
1 8 
2 8 
3 8 
4 8 
5 8 
6 8 
7 8 
8 8 
 
#anchors 
72 64 73 
 
#cells [type s=shear r=rigid a=active] 
s 0 1 10 9 
s 1 2 11 10 
s 2 3 12 11 
s 3 4 13 12 
s 4 5 14 13 
s 5 6 15 14 
s 6 7 16 15 
s 7 8 17 16 
s 9 10 19 18 
s 10 11 20 19 
s 11 12 21 20 
s 12 13 22 21 
s 13 14 23 22 
s 14 15 24 23 
s 15 16 25 24 
s 16 17 26 25 
s 18 19 28 27 
s 19 20 29 28 
s 20 21 30 29 
s 21 22 31 30 
s 22 23 32 31 
s 23 24 33 32 
s 24 25 34 33 
s 25 26 35 34 
s 27 28 37 36 
s 28 29 38 37 
s 29 30 39 38 
s 30 31 40 39 
s 31 32 41 40 
s 32 33 42 41 
s 33 34 43 42 
s 34 35 44 43 
s 36 37 46 45 
s 37 38 47 46 
s 38 39 48 47 
s 39 40 49 48 
s 40 41 50 49 
s 41 42 51 50 
s 42 43 52 51 
s 43 44 53 52 
s 45 46 55 54 
s 46 47 56 55 
s 47 48 57 56 
s 48 49 58 57 
s 49 50 59 58 
s 50 51 60 59 
s 51 52 61 60 
s 52 53 62 61 
s 54 55 64 63 
s 55 56 65 64 
s 56 57 66 65 
s 57 58 67 66 
s 58 59 68 67 
s 59 60 69 68 
s 60 61 70 69 
s 61 62 71 70 
s 63 64 73 72 
s 64 65 74 73 
s 65 66 75 74 
s 66 67 76 75 
s 67 68 77 76 
s 68 69 78 77 
s 69 70 79 78 
s 70 71 80 79 
 
#input path 
34 
7 3 
6.88862943649292 3.0710268020629883 
6.777258396148682 3.1420536041259766 
6.665887832641602 3.213081121444702 
6.554516792297363 3.2841081619262695 
6.443146705627441 3.355135202407837 
6.331777095794678 3.4261622428894043 
6.2204060554504395 3.497189521789551 
6.109035491943359 3.568216323852539 
5.991540431976318 3.48929762840271 
5.8740458488464355 3.4103786945343018 
5.756552219390869 3.3314592838287354 
5.63905668258667 3.2525405883789062 
5.521561622619629 3.173621654510498 
5.4040679931640625 3.0947024822235107 
5.286573886871338 3.0157837867736816 
5.169078350067139 2.9368643760681152 
5.4058356285095215 2.9368643760681152 
5.642591953277588 2.9368643760681152 
5.879349231719971 2.9368643760681152 
6.116106033325195 2.9368643760681152 
6.352863788604736 2.9368643760681152 
6.589620113372803 2.9368643760681152 
6.8263773918151855 2.9368643760681152 
7.063134670257568 2.9368643760681152 
7.063134670257568 3.0947024822235107 
7.063134670257568 3.2525405883789062 
7.063134670257568 3.4103786945343018 
7.063134670257568 3.568216323852539 
7.063134670257568 3.7260539531707764 
7.063134670257568 3.883892774581909 
7.063134670257568 4.041730880737305 
7.063134670257568 4.199567794799805 
6.8263773918151855 4.199567794799805 
6.589620113372803 4.199567794799805 
6.352863788604736 4.199567794799805 
6.116106033325195 4.199567794799805 
5.879349231719971 4.199567794799805 
5.642591953277588 4.199567794799805 
5.4058356285095215 4.199567794799805 
5.169078350067139 4.199567794799805 
5.169078350067139 4.049432754516602 
5.169078350067139 3.8992345333099365 
5.169078350067139 3.749098539352417 
5.169078350067139 3.598900318145752 
5.169078350067139 3.4487645626068115 
5.169078350067139 3.298565626144409 
5.169078350067139 3.148430585861206 
5.169078350067139 2.998231887817383 