#num_vertices #num_cells #num_anchors #num_inputvertex #num_inputpoints 
81 64 3 1 49 
 
#vertices 
0 0 
1 0 
2 0 
3 0 
4 0 
5 0 
6 0 
7 0 
8 0 
0 1 
1 1 
2 1 
3 1 
4 1 
5 1 
6 1 
7 1 
8 1 
0 2 
1 2 
2 2 
3 2 
4 2 
5 2 
6 2 
7 2 
8 2 
0 3 
1 3 
2 3 
3 3 
4 3 
5 3 
6 3 
7 3 
8 3 
0 4 
1 4 
2 4 
3 4 
4 4 
5 4 
6 4 
7 4 
8 4 
0 5 
1 5 
2 5 
3 5 
4 5 
5 5 
6 5 
7 5 
8 5 
0 6 
1 6 
2 6 
3 6 
4 6 
5 6 
6 6 
7 6 
8 6 
0 7 
1 7 
2 7 
3 7 
4 7 
5 7 
6 7 
7 7 
8 7 
0 8 
1 8 
2 8 
3 8 
4 8 
5 8 
6 8 
7 8 
8 8 
 
#anchors 
72 64 73 
 
#cells [type s=shear r=rigid a=active] 
s 0 1 10 9 
s 1 2 11 10 
s 2 3 12 11 
s 3 4 13 12 
s 4 5 14 13 
s 5 6 15 14 
s 6 7 16 15 
s 7 8 17 16 
s 9 10 19 18 
s 10 11 20 19 
s 11 12 21 20 
s 12 13 22 21 
s 13 14 23 22 
s 14 15 24 23 
s 15 16 25 24 
s 16 17 26 25 
s 18 19 28 27 
s 19 20 29 28 
s 20 21 30 29 
s 21 22 31 30 
s 22 23 32 31 
s 23 24 33 32 
s 24 25 34 33 
s 25 26 35 34 
s 27 28 37 36 
s 28 29 38 37 
s 29 30 39 38 
s 30 31 40 39 
s 31 32 41 40 
s 32 33 42 41 
s 33 34 43 42 
s 34 35 44 43 
s 36 37 46 45 
s 37 38 47 46 
s 38 39 48 47 
s 39 40 49 48 
s 40 41 50 49 
s 41 42 51 50 
s 42 43 52 51 
s 43 44 53 52 
s 45 46 55 54 
s 46 47 56 55 
s 47 48 57 56 
s 48 49 58 57 
s 49 50 59 58 
s 50 51 60 59 
s 51 52 61 60 
s 52 53 62 61 
s 54 55 64 63 
s 55 56 65 64 
s 56 57 66 65 
s 57 58 67 66 
s 58 59 68 67 
s 59 60 69 68 
s 60 61 70 69 
s 61 62 71 70 
s 63 64 73 72 
s 64 65 74 73 
s 65 66 75 74 
s 66 67 76 75 
s 67 68 77 76 
s 68 69 78 77 
s 69 70 79 78 
s 70 71 80 79 
 
#input path 
33 
6 3 
5.971407413482666 3.0888705253601074 
5.8892998695373535 3.1595277786254883 
5.764119625091553 3.1964526176452637 
5.6116766929626465 3.1889705657958984 
5.450963020324707 3.1329689025878906 
5.301463603973389 3.031463146209717 
5.180513858795166 2.89430570602417 
5.100940227508545 2.736827850341797 
5.069272041320801 2.577782154083252 
5.084937572479248 2.436746120452881 
5.1404128074646 2.331418752670288 
5.222343921661377 2.2751529216766357 
5.313557147979736 2.2751529216766357 
5.395488262176514 2.331418752670288 
5.450963020324707 2.436746120452881 
5.4666290283203125 2.577782154083252 
5.434959888458252 2.736827850341797 
5.355387210845947 2.89430570602417 
5.234436511993408 3.031463146209717 
5.084937572479248 3.1329689025878906 
4.924224376678467 3.1889705657958984 
4.771780967712402 3.1964526176452637 
4.64660120010376 3.1595277786254883 
4.564494609832764 3.0888705253601074 
4.535900592803955 3 
4.564494609832764 2.911128520965576 
4.64660120010376 2.840470790863037 
4.771780967712402 2.80354642868042 
4.924224376678467 2.811028003692627 
5.084937572479248 2.867030620574951 
5.234436511993408 2.9685354232788086 
5.355387210845947 3.1056923866271973 
5.434959888458252 3.263171672821045 
5.4666290283203125 3.42221736907959 
5.450963020324707 3.5632529258728027 
5.395488262176514 3.668581008911133 
5.313557147979736 3.724846363067627 
5.222343921661377 3.724846363067627 
5.1404128074646 3.668581008911133 
5.084937572479248 3.5632529258728027 
5.069272041320801 3.42221736907959 
5.100940227508545 3.263171672821045 
5.180513858795166 3.1056923866271973 
5.301463603973389 2.9685354232788086 
5.450963020324707 2.867030620574951 
5.6116766929626465 2.811028003692627 
5.764119625091553 2.80354642868042 
5.971407413482666 2.911128520965576 
