#num_vertices #num_cells #num_anchors #num_inputvertex #num_inputpoints 
81 64 2 1 49 
 
#vertices 
0 0 
1 0 
2 0 
3 0 
4 0 
5 0 
6 0 
7 0 
8 0 
0 1 
1 1 
2 1 
3 1 
4 1 
5 1 
6 1 
7 1 
8 1 
0 2 
1 2 
2 2 
3 2 
4 2 
5 2 
6 2 
7 2 
8 2 
0 3 
1 3 
2 3 
3 3 
4 3 
5 3 
6 3 
7 3 
8 3 
0 4 
1 4 
2 4 
3 4 
4 4 
5 4 
6 4 
7 4 
8 4 
0 5 
1 5 
2 5 
3 5 
4 5 
5 5 
6 5 
7 5 
8 5 
0 6 
1 6 
2 6 
3 6 
4 6 
5 6 
6 6 
7 6 
8 6 
0 7 
1 7 
2 7 
3 7 
4 7 
5 7 
6 7 
7 7 
8 7 
0 8 
1 8 
2 8 
3 8 
4 8 
5 8 
6 8 
7 8 
8 8 
 
#anchors 
72 73 
 
#cells [type s=shear r=rigid a=active] 
s 0 1 10 9 
s 1 2 11 10 
s 2 3 12 11 
s 3 4 13 12 
s 4 5 14 13 
s 5 6 15 14 
s 6 7 16 15 
s 7 8 17 16 
s 9 10 19 18 
s 10 11 20 19 
s 11 12 21 20 
s 12 13 22 21 
s 13 14 23 22 
s 14 15 24 23 
s 15 16 25 24 
s 16 17 26 25 
s 18 19 28 27 
s 19 20 29 28 
s 20 21 30 29 
s 21 22 31 30 
s 22 23 32 31 
s 23 24 33 32 
s 24 25 34 33 
s 25 26 35 34 
s 27 28 37 36 
s 28 29 38 37 
s 29 30 39 38 
s 30 31 40 39 
s 31 32 41 40 
s 32 33 42 41 
s 33 34 43 42 
s 34 35 44 43 
s 36 37 46 45 
s 37 38 47 46 
s 38 39 48 47 
s 39 40 49 48 
s 40 41 50 49 
s 41 42 51 50 
s 42 43 52 51 
s 43 44 53 52 
s 45 46 55 54 
s 46 47 56 55 
s 47 48 57 56 
s 48 49 58 57 
s 49 50 59 58 
s 50 51 60 59 
s 51 52 61 60 
s 52 53 62 61 
s 54 55 64 63 
s 55 56 65 64 
s 56 57 66 65 
s 57 58 67 66 
s 58 59 68 67 
s 59 60 69 68 
s 60 61 70 69 
s 61 62 71 70 
s 63 64 73 72 
s 64 65 74 73 
s 65 66 75 74 
s 66 67 76 75 
s 67 68 77 76 
s 68 69 78 77 
s 69 70 79 78 
s 70 71 80 79 
 
#input path 
33 
6 3 
5.8875041007995605 3.071744203567505 
5.775008678436279 3.143488645553589 
5.662513732910156 3.215233564376831 
5.550017833709717 3.286977767944336 
5.4375224113464355 3.358722448348999 
5.325026988983154 3.430466890335083 
5.212531566619873 3.502211570739746 
5.100036144256592 3.57395601272583 
4.981354713439941 3.4942400455474854 
4.862672805786133 3.4145238399505615 
4.743991851806641 3.3348073959350586 
4.625310897827148 3.255091428756714 
4.50662899017334 3.175375461578369 
4.3879475593566895 3.095659017562866 
4.269266128540039 3.0159430503845215 
4.150584697723389 2.9362266063690186 
4.38973331451416 2.9362266063690186 
4.628881931304932 2.9362266063690186 
4.868030071258545 2.9362266063690186 
5.107178211212158 2.9362266063690186 
5.346327304840088 2.9362266063690186 
5.585475444793701 2.9362266063690186 
5.8246235847473145 2.9362266063690186 
6.063772678375244 2.9362266063690186 
6.063772678375244 3.095659017562866 
6.063772678375244 3.255091428756714 
6.063772678375244 3.4145238399505615 
6.063772678375244 3.57395601272583 
6.063772678375244 3.7333881855010986 
6.063772678375244 3.8928208351135254 
6.063772678375244 4.052252769470215 
6.063772678375244 4.2116851806640625 
5.8246235847473145 4.2116851806640625 
5.585475444793701 4.2116851806640625 
5.346327304840088 4.2116851806640625 
5.107178211212158 4.2116851806640625 
4.868030071258545 4.2116851806640625 
4.628881931304932 4.2116851806640625 
4.38973331451416 4.2116851806640625 
4.150584697723389 4.2116851806640625 
4.150584697723389 4.060033321380615 
4.150584697723389 3.908317804336548 
4.150584697723389 3.756664991378784 
4.150584697723389 3.604949951171875 
4.150584697723389 3.4532976150512695 
4.150584697723389 3.301581621170044 
4.150584697723389 3.1499297618865967 
4.150584697723389 2.99821400642395 
