#num_vertices #num_cells #num_anchors #index_inputvertex #num_inputpoints #index_outputvertex #num_outputpoints
66 50 2 2 31 -1 0

#vertices
0 0
1 0
2 0
3 0
4 0
5 0
0 1
1 1
2 1
3 1
4 1
5 1
0 2
1 2
2 2
3 2
4 2
5 2
0 3
1 3
2 3
3 3
4 3
5 3
0 4
1 4
2 4
3 4
4 4
5 4
0 5
1 5
2 5
3 5
4 5
5 5
0 6
1 6
2 6
3 6
4 6
5 6
0 7
1 7
2 7
3 7
4 7
5 7
0 8
1 8
2 8
3 8
4 8
5 8
0 9
1 9
2 9
3 9
4 9
5 9
0 10
1 10
2 10
3 10
4 10
5 10

#anchors
60 61

#cells [type s=shear r=rigid]
a 0 1 7 6 
s 1 2 8 7 
s 2 3 9 8 
s 3 4 10 9 
a 4 5 11 10 
s 6 7 13 12 
r 7 8 14 13 
a 8 9 15 14 
a 9 10 16 15 
s 10 11 17 16 
s 12 13 19 18 
r 13 14 20 19 
s 14 15 21 20 
s 15 16 22 21 
a 16 17 23 22 
s 18 19 25 24 
s 19 20 26 25 
r 20 21 27 26 
s 21 22 28 27 
s 22 23 29 28 
s 24 25 31 30 
s 25 26 32 31 
r 26 27 33 32 
s 27 28 34 33 
s 28 29 35 34 
s 30 31 37 36 
s 31 32 38 37 
r 32 33 39 38 
s 33 34 40 39 
s 34 35 41 40 
s 36 37 43 42 
s 37 38 44 43 
s 38 39 45 44 
r 39 40 46 45 
s 40 41 47 46 
r 42 43 49 48 
s 43 44 50 49 
s 44 45 51 50 
s 45 46 52 51 
s 46 47 53 52 
s 48 49 55 54 
s 49 50 56 55 
r 50 51 57 56 
s 51 52 58 57 
s 52 53 59 58 
s 54 55 61 60 
s 55 56 62 61 
r 56 57 63 62 
s 57 58 64 63 
s 58 59 65 64 

#input path
5
5.1000	0.0000
5.0978	0.0520
5.0914	0.1017
5.0809	0.1469
5.0669	0.1858
5.0500	0.2165
5.0309	0.2378
5.0105	0.2486
4.9895	0.2486
4.9691	0.2378
4.9500	0.2165
4.9331	0.1858
4.9191	0.1469
4.9086	0.1017
4.9022	0.0520
4.9000	0.0000
4.9022	-0.0520
4.9086	-0.1017
4.9191	-0.1469
4.9331	-0.1858
4.9500	-0.2165
4.9691	-0.2378
4.9895	-0.2486
5.0105	-0.2486
5.0309	-0.2378
5.0500	-0.2165
5.0669	-0.1858
5.0809	-0.1469
5.0914	-0.1017
5.0978	-0.0520
5.1000	0.0000