#num_vertices #num_cells #num_anchors #num_inputvertex #num_inputpoints 
81 64 2 1 50 
 
#vertices 
0 0 
1 0 
2 0 
3 0 
4 0 
5 0 
6 0 
7 0 
8 0 
0 1 
1 1 
2 1 
3 1 
4 1 
5 1 
6 1 
7 1 
8 1 
0 2 
1 2 
2 2 
3 2 
4 2 
5 2 
6 2 
7 2 
8 2 
0 3 
1 3 
2 3 
3 3 
4 3 
5 3 
6 3 
7 3 
8 3 
0 4 
1 4 
2 4 
3 4 
4 4 
5 4 
6 4 
7 4 
8 4 
0 5 
1 5 
2 5 
3 5 
4 5 
5 5 
6 5 
7 5 
8 5 
0 6 
1 6 
2 6 
3 6 
4 6 
5 6 
6 6 
7 6 
8 6 
0 7 
1 7 
2 7 
3 7 
4 7 
5 7 
6 7 
7 7 
8 7 
0 8 
1 8 
2 8 
3 8 
4 8 
5 8 
6 8 
7 8 
8 8 
 
#anchors 
72 73 
 
#cells [type s=shear r=rigid a=active] 
s 0 1 10 9 
s 1 2 11 10 
s 2 3 12 11 
s 3 4 13 12 
s 4 5 14 13 
s 5 6 15 14 
s 6 7 16 15 
s 7 8 17 16 
s 9 10 19 18 
s 10 11 20 19 
s 11 12 21 20 
s 12 13 22 21 
s 13 14 23 22 
s 14 15 24 23 
s 15 16 25 24 
s 16 17 26 25 
s 18 19 28 27 
s 19 20 29 28 
s 20 21 30 29 
s 21 22 31 30 
s 22 23 32 31 
s 23 24 33 32 
s 24 25 34 33 
s 25 26 35 34 
s 27 28 37 36 
s 28 29 38 37 
s 29 30 39 38 
s 30 31 40 39 
s 31 32 41 40 
s 32 33 42 41 
s 33 34 43 42 
s 34 35 44 43 
s 36 37 46 45 
s 37 38 47 46 
s 38 39 48 47 
s 39 40 49 48 
s 40 41 50 49 
s 41 42 51 50 
s 42 43 52 51 
s 43 44 53 52 
s 45 46 55 54 
s 46 47 56 55 
s 47 48 57 56 
s 48 49 58 57 
s 49 50 59 58 
s 50 51 60 59 
s 51 52 61 60 
s 52 53 62 61 
s 54 55 64 63 
s 55 56 65 64 
s 56 57 66 65 
s 57 58 67 66 
s 58 59 68 67 
s 59 60 69 68 
s 60 61 70 69 
s 61 62 71 70 
s 63 64 73 72 
s 64 65 74 73 
s 65 66 75 74 
s 66 67 76 75 
s 67 68 77 76 
s 68 69 78 77 
s 69 70 79 78 
s 70 71 80 79 
 
#input path 
16 
7 1 
6.976369380950928 1.0734468698501587 
6.908512115478516 1.1318416595458984 
6.805057525634766 1.1623578071594238 
6.67907190322876 1.1561743021011353 
6.546250343322754 1.1098920106887817 
6.4226975440979 1.0260030031204224 
6.322739601135254 0.9126505255699158 
6.256976127624512 0.7825024127960205 
6.2308030128479 0.6510599255561829 
6.243750095367432 0.5345010757446289 
6.289597511291504 0.44745367765426636 
6.357308864593506 0.40095317363739014 
6.43269157409668 0.40095317363739014 
6.50040340423584 0.44745367765426636 
6.546250343322754 0.5345010757446289 
6.559197425842285 0.6510599255561829 
6.53302526473999 0.7825024127960205 
6.467261791229248 0.9126505255699158 
6.367303371429443 1.0260030031204224 
6.243750095367432 1.1098920106887817 
6.110929012298584 1.1561743021011353 
5.984943389892578 1.1623578071594238 
5.881488800048828 1.1318416595458984 
5.813631534576416 1.0734468698501587 
5.7900004386901855 1 
5.813631534576416 0.9265532493591309 
5.881488800048828 0.8681581616401672 
5.984943389892578 0.837642252445221 
6.110929012298584 0.8438250422477722 
6.243750095367432 0.8901079297065735 
6.367303371429443 0.9739970564842224 
6.467261791229248 1.0873496532440186 
6.53302526473999 1.21749746799469 
6.559197425842285 1.3489400148391724 
6.546250343322754 1.465498924255371 
6.50040340423584 1.552546739578247 
6.43269157409668 1.5990467071533203 
6.357308864593506 1.5990467071533203 
6.289597511291504 1.552546739578247 
6.243750095367432 1.465498924255371 
6.2308030128479 1.3489400148391724 
6.256976127624512 1.21749746799469 
6.322739601135254 1.0873496532440186 
6.4226975440979 0.9739970564842224 
6.546250343322754 0.8901079297065735 
6.67907190322876 0.8438250422477722 
6.805057525634766 0.837642252445221 
6.908512115478516 0.8681581616401672 
6.976369380950928 0.9265532493591309 
