## waterdrop ## 
#num_vertices #num_cells #num_anchors #num_inputvertex #num_inputpoints 
49 36 2 1 50 
 
#vertices 
0 0 
1 0 
2 0 
3 0 
4 0 
5 0 
6 0 
0 1 
1 1 
2 1 
3 1 
4 1 
5 1 
6 1 
0 2 
1 2 
2 2 
3 2 
4 2 
5 2 
6 2 
0 3 
1 3 
2 3 
3 3 
4 3 
5 3 
6 3 
0 4 
1 4 
2 4 
3 4 
4 4 
5 4 
6 4 
0 5 
1 5 
2 5 
3 5 
4 5 
5 5 
6 5 
0 6 
1 6 
2 6 
3 6 
4 6 
5 6 
6 6 
 
#anchors 
42 43 
 
#cells [type s=shear r=rigid a=active] 
s 0 1 8 7 
s 1 2 9 8 
s 2 3 10 9 
s 3 4 11 10 
s 4 5 12 11 
s 5 6 13 12 
s 7 8 15 14 
s 8 9 16 15 
s 9 10 17 16 
s 10 11 18 17 
s 11 12 19 18 
s 12 13 20 19 
s 14 15 22 21 
s 15 16 23 22 
s 16 17 24 23 
s 17 18 25 24 
s 18 19 26 25 
s 19 20 27 26 
s 21 22 29 28 
s 22 23 30 29 
s 23 24 31 30 
s 24 25 32 31 
s 25 26 33 32 
s 26 27 34 33 
s 28 29 36 35 
s 29 30 37 36 
s 30 31 38 37 
s 31 32 39 38 
s 32 33 40 39 
s 33 34 41 40 
s 35 36 43 42 
s 36 37 44 43 
s 37 38 45 44 
s 38 39 46 45 
s 39 40 47 46 
s 40 41 48 47 
 
#input path 
12 
5 1 
4.972847938537598 1.022278904914856 
4.901137828826904 1.0828492641448975 
4.851010799407959 1.1287992000579834 
4.794617652893066 1.181711196899414 
4.74100923538208 1.2353196144104004 
4.686008930206299 1.293801188468933 
4.628223896026611 1.3599412441253662 
4.572526454925537 1.4295622110366821 
4.5210065841674805 1.5012714862823486 
4.4750566482543945 1.5750701427459717 
4.438854217529297 1.646780014038086 
4.411005973815918 1.718489408493042 
4.392904281616211 1.7950727939605713 
4.389423370361328 1.870263934135437 
4.395689010620117 1.930138349533081 
4.406132221221924 1.9844422340393066 
4.424930095672607 2.0436201095581055 
4.448601245880127 2.095139980316162 
4.469487190246582 2.127861499786377 
4.492462635040283 2.157102108001709 
4.527968883514404 2.193305492401123 
4.56626033782959 2.22324275970459 
4.634489059448242 2.258749485015869 
4.701325416564941 2.2796359062194824 
4.762592315673828 2.2893824577331543 
4.812023162841797 2.291471004486084 
4.863542079925537 2.285205364227295 
4.928290367126465 2.268496513366699 
4.999303340911865 2.2399516105651855 
5.071013450622559 2.1974830627441406 
5.136457920074463 2.1396970748901367 
5.190761566162109 2.065898895263672 
5.226268768310547 1.9733026027679443 
5.2367119789123535 1.8619091510772705 
5.224179267883301 1.7546930313110352 
5.197027683258057 1.6725400686264038 
5.159432411193848 1.6098806858062744 
5.115571022033691 1.5604498386383057 
5.028544902801514 1.479689121246338 
4.994430065155029 1.4358280897140503 
4.972847938537598 1.3829162120819092 
4.962404727935791 1.3202571868896484 
4.960315704345703 1.255509614944458 
4.964493274688721 1.1914582252502441 
4.971455097198486 1.1315841674804688 
4.981202602386475 1.078672170639038 
4.99025297164917 1.0375953912734985 
4.9972147941589355 1.0097471475601196 
5 1 
 
 

graph.js:346 ## quadrifolium ## 
#num_vertices #num_cells #num_anchors #num_inputvertex #num_inputpoints 
49 36 2 1 50 
 
#vertices 
0 0 
1 0 
2 0 
3 0 
4 0 
5 0 
6 0 
0 1 
1 1 
2 1 
3 1 
4 1 
5 1 
6 1 
0 2 
1 2 
2 2 
3 2 
4 2 
5 2 
6 2 
0 3 
1 3 
2 3 
3 3 
4 3 
5 3 
6 3 
0 4 
1 4 
2 4 
3 4 
4 4 
5 4 
6 4 
0 5 
1 5 
2 5 
3 5 
4 5 
5 5 
6 5 
0 6 
1 6 
2 6 
3 6 
4 6 
5 6 
6 6 
 
#anchors 
42 43 
 
#cells [type s=shear r=rigid a=active] 
s 0 1 8 7 
s 1 2 9 8 
s 2 3 10 9 
s 3 4 11 10 
s 4 5 12 11 
s 5 6 13 12 
s 7 8 15 14 
s 8 9 16 15 
s 9 10 17 16 
s 10 11 18 17 
s 11 12 19 18 
s 12 13 20 19 
s 14 15 22 21 
s 15 16 23 22 
s 16 17 24 23 
s 17 18 25 24 
s 18 19 26 25 
s 19 20 27 26 
s 21 22 29 28 
s 22 23 30 29 
s 23 24 31 30 
s 24 25 32 31 
s 25 26 33 32 
s 26 27 34 33 
s 28 29 36 35 
s 29 30 37 36 
s 30 31 38 37 
s 31 32 39 38 
s 32 33 40 39 
s 33 34 41 40 
s 35 36 43 42 
s 36 37 44 43 
s 37 38 45 44 
s 38 39 46 45 
s 39 40 47 46 
s 40 41 48 47 
 
#input path 
12 
5 1 
4.9763689041137695 1.0734468698501587 
4.908511638641357 1.1318416595458984 
4.805057048797607 1.1623578071594238 
4.679071426391602 1.1561743021011353 
4.546250343322754 1.1098920106887817 
4.422697067260742 1.0260030031204224 
4.3227386474609375 0.9126505255699158 
4.256975173950195 0.7825024127960205 
4.230802536010742 0.6510599255561829 
4.243750095367432 0.5345010757446289 
4.2895965576171875 0.44745367765426636 
4.357308864593506 0.40095317363739014 
4.43269157409668 0.40095317363739014 
4.50040340423584 0.44745367765426636 
4.546250343322754 0.5345010757446289 
4.559197425842285 0.6510599255561829 
4.533024787902832 0.7825024127960205 
4.46726131439209 0.9126505255699158 
4.367302894592285 1.0260030031204224 
4.243750095367432 1.1098920106887817 
4.110928535461426 1.1561743021011353 
3.98494291305542 1.1623578071594238 
3.8814878463745117 1.1318416595458984 
3.813631534576416 1.0734468698501587 
3.7899999618530273 1 
3.813631534576416 0.9265532493591309 
3.8814878463745117 0.8681581616401672 
3.98494291305542 0.837642252445221 
4.110928535461426 0.8438250422477722 
4.243750095367432 0.8901079297065735 
4.367302894592285 0.9739970564842224 
4.46726131439209 1.0873496532440186 
4.533024787902832 1.21749746799469 
4.559197425842285 1.3489400148391724 
4.546250343322754 1.465498924255371 
4.50040340423584 1.552546739578247 
4.43269157409668 1.5990467071533203 
4.357308864593506 1.5990467071533203 
4.2895965576171875 1.552546739578247 
4.243750095367432 1.465498924255371 
4.230802536010742 1.3489400148391724 
4.256975173950195 1.21749746799469 
4.3227386474609375 1.0873496532440186 
4.422697067260742 0.9739970564842224 
4.546250343322754 0.8901079297065735 
4.679071426391602 0.8438250422477722 
4.805057048797607 0.837642252445221 
4.908511638641357 0.8681581616401672 
4.9763689041137695 0.9265532493591309 
 
 

graph.js:346 ## heart ## 
#num_vertices #num_cells #num_anchors #num_inputvertex #num_inputpoints 
49 36 2 1 50 
 
#vertices 
0 0 
1 0 
2 0 
3 0 
4 0 
5 0 
6 0 
0 1 
1 1 
2 1 
3 1 
4 1 
5 1 
6 1 
0 2 
1 2 
2 2 
3 2 
4 2 
5 2 
6 2 
0 3 
1 3 
2 3 
3 3 
4 3 
5 3 
6 3 
0 4 
1 4 
2 4 
3 4 
4 4 
5 4 
6 4 
0 5 
1 5 
2 5 
3 5 
4 5 
5 5 
6 5 
0 6 
1 6 
2 6 
3 6 
4 6 
5 6 
6 6 
 
#anchors 
42 43 
 
#cells [type s=shear r=rigid a=active] 
s 0 1 8 7 
s 1 2 9 8 
s 2 3 10 9 
s 3 4 11 10 
s 4 5 12 11 
s 5 6 13 12 
s 7 8 15 14 
s 8 9 16 15 
s 9 10 17 16 
s 10 11 18 17 
s 11 12 19 18 
s 12 13 20 19 
s 14 15 22 21 
s 15 16 23 22 
s 16 17 24 23 
s 17 18 25 24 
s 18 19 26 25 
s 19 20 27 26 
s 21 22 29 28 
s 22 23 30 29 
s 23 24 31 30 
s 24 25 32 31 
s 25 26 33 32 
s 26 27 34 33 
s 28 29 36 35 
s 29 30 37 36 
s 30 31 38 37 
s 31 32 39 38 
s 32 33 40 39 
s 33 34 41 40 
s 35 36 43 42 
s 36 37 44 43 
s 37 38 45 44 
s 38 39 46 45 
s 39 40 47 46 
s 40 41 48 47 
 
#input path 
12 
5 1 
5.005859375 0.9865988492965698 
5.023374557495117 0.9513186812400818 
5.052608013153076 0.9013903737068176 
5.093498706817627 0.8441693186759949 
5.1461076736450195 0.7869479060173035 
5.210371494293213 0.737019956111908 
5.286355018615723 0.7017398476600647 
5.373993873596191 0.6883381605148315 
5.458828449249268 0.6996828317642212 
5.526895523071289 0.7321580052375793 
5.578880310058594 0.7836444973945618 
5.615531921386719 0.8519607782363892 
5.637597560882568 0.9348630309104919 
5.645700931549072 1.0301690101623535 
5.640714168548584 1.1357600688934326 
5.623323440551758 1.2493294477462769 
5.578631401062012 1.3709399700164795 
5.4996562004089355 1.4976613521575928 
5.398677349090576 1.6229496002197266 
5.2882866859436035 1.7401968240737915 
5.180764198303223 1.8427962064743042 
5.0886359214782715 1.9242639541625977 
5.024247646331787 1.9779325723648071 
5 1.997317910194397 
4.975752353668213 1.978306770324707 
4.9113640785217285 1.9253859519958496 
4.819235801696777 1.845039963722229 
4.7117133140563965 1.7435004711151123 
4.601322650909424 1.62725031375885 
4.500343322753906 1.5025235414505005 
4.421368598937988 1.3756769895553589 
4.376676082611084 1.2531317472457886 
4.359285831451416 1.1383156776428223 
4.354299068450928 1.031789779663086 
4.362401962280273 0.9357978105545044 
4.384468078613281 0.8524596095085144 
4.421119213104248 0.7838940024375916 
4.473104476928711 0.7322203516960144 
4.541171550750732 0.6996828317642212 
4.62600564956665 0.6883381605148315 
4.713644981384277 0.7017398476600647 
4.789628505706787 0.737019956111908 
4.8538923263549805 0.7869479060173035 
4.906501293182373 0.8441693186759949 
4.947391986846924 0.9013903737068176 
4.976625442504883 0.9513186812400818 
4.994140625 0.9865988492965698 
5 1 
5 1 
 