#num_vertices #num_cells #num_anchors #num_inputvertex #num_inputpoints 
49 36 2 1 50 
 
#vertices 
0 0 
1 0 
2 0 
3 0 
4 0 
5 0 
6 0 
0 1 
1 1 
2 1 
3 1 
4 1 
5 1 
6 1 
0 2 
1 2 
2 2 
3 2 
4 2 
5 2 
6 2 
0 3 
1 3 
2 3 
3 3 
4 3 
5 3 
6 3 
0 4 
1 4 
2 4 
3 4 
4 4 
5 4 
6 4 
0 5 
1 5 
2 5 
3 5 
4 5 
5 5 
6 5 
0 6 
1 6 
2 6 
3 6 
4 6 
5 6 
6 6 
 
#anchors 
42 43 
 
#cells [type s=shear r=rigid a=active] 
s 0 1 8 7 
s 1 2 9 8 
s 2 3 10 9 
s 3 4 11 10 
s 4 5 12 11 
s 5 6 13 12 
s 7 8 15 14 
s 8 9 16 15 
s 9 10 17 16 
s 10 11 18 17 
s 11 12 19 18 
s 12 13 20 19 
s 14 15 22 21 
s 15 16 23 22 
s 16 17 24 23 
s 17 18 25 24 
s 18 19 26 25 
s 19 20 27 26 
s 21 22 29 28 
s 22 23 30 29 
s 23 24 31 30 
s 24 25 32 31 
s 25 26 33 32 
s 26 27 34 33 
s 28 29 36 35 
s 29 30 37 36 
s 30 31 38 37 
s 31 32 39 38 
s 32 33 40 39 
s 33 34 41 40 
s 35 36 43 42 
s 36 37 44 43 
s 37 38 45 44 
s 38 39 46 45 
s 39 40 47 46 
s 40 41 48 47 
 
#input path 
12 
5 1 
4.9763689041137695 1.0734468698501587 
4.908511638641357 1.1318416595458984 
4.805057048797607 1.1623578071594238 
4.679071426391602 1.1561743021011353 
4.546250343322754 1.1098920106887817 
4.422697067260742 1.0260030031204224 
4.3227386474609375 0.9126505255699158 
4.256975173950195 0.7825024127960205 
4.230802536010742 0.6510599255561829 
4.243750095367432 0.5345010757446289 
4.2895965576171875 0.44745367765426636 
4.357308864593506 0.40095317363739014 
4.43269157409668 0.40095317363739014 
4.50040340423584 0.44745367765426636 
4.546250343322754 0.5345010757446289 
4.559197425842285 0.6510599255561829 
4.533024787902832 0.7825024127960205 
4.46726131439209 0.9126505255699158 
4.367302894592285 1.0260030031204224 
4.243750095367432 1.1098920106887817 
4.110928535461426 1.1561743021011353 
3.98494291305542 1.1623578071594238 
3.8814878463745117 1.1318416595458984 
3.813631534576416 1.0734468698501587 
3.7899999618530273 1 
3.813631534576416 0.9265532493591309 
3.8814878463745117 0.8681581616401672 
3.98494291305542 0.837642252445221 
4.110928535461426 0.8438250422477722 
4.243750095367432 0.8901079297065735 
4.367302894592285 0.9739970564842224 
4.46726131439209 1.0873496532440186 
4.533024787902832 1.21749746799469 
4.559197425842285 1.3489400148391724 
4.546250343322754 1.465498924255371 
4.50040340423584 1.552546739578247 
4.43269157409668 1.5990467071533203 
4.357308864593506 1.5990467071533203 
4.2895965576171875 1.552546739578247 
4.243750095367432 1.465498924255371 
4.230802536010742 1.3489400148391724 
4.256975173950195 1.21749746799469 
4.3227386474609375 1.0873496532440186 
4.422697067260742 0.9739970564842224 
4.546250343322754 0.8901079297065735 
4.679071426391602 0.8438250422477722 
4.805057048797607 0.837642252445221 
4.908511638641357 0.8681581616401672 
4.9763689041137695 0.9265532493591309 
 