#num_vertices #num_cells #num_anchors #num_inputvertex #num_inputpoints 
36 25 2 1 50 
 
#vertices 
0 0 
1 0 
2 0 
3 0 
4 0 
5 0 
0 1 
1 1 
2 1 
3 1 
4 1 
5 1 
0 2 
1 2 
2 2 
3 2 
4 2 
5 2 
0 3 
1 3 
2 3 
3 3 
4 3 
5 3 
0 4 
1 4 
2 4 
3 4 
4 4 
5 4 
0 5 
1 5 
2 5 
3 5 
4 5 
5 5 
 
#anchors 
30 31 
 
#cells [type s=shear r=rigid a=active] 
s 0 1 7 6 
s 1 2 8 7 
s 2 3 9 8 
s 3 4 10 9 
s 4 5 11 10 
s 6 7 13 12 
s 7 8 14 13 
s 8 9 15 14 
s 9 10 16 15 
s 10 11 17 16 
s 12 13 19 18 
s 13 14 20 19 
s 14 15 21 20 
s 15 16 22 21 
s 16 17 23 22 
s 18 19 25 24 
s 19 20 26 25 
s 20 21 27 26 
s 21 22 28 27 
s 22 23 29 28 
s 24 25 31 30 
s 25 26 32 31 
s 26 27 33 32 
s 27 28 34 33 
s 28 29 35 34 
 
#input path 
10 
4 1 
3.981550455093384 1.0122995376586914 
3.9323532581329346 1.055347204208374 
3.901604652404785 1.0860955715179443 
3.8585569858551025 1.1229937076568604 
3.8278088569641113 1.1598918437957764 
3.790910482406616 1.1967898607254028 
3.7478628158569336 1.2459872961044312 
3.710965156555176 1.2890349626541138 
3.6740670204162598 1.3382322788238525 
3.6433184146881104 1.3874298334121704 
3.6187195777893066 1.4366270303726196 
3.6002705097198486 1.4858245849609375 
3.5879712104797363 1.535022258758545 
3.5879712104797363 1.5903689861297607 
3.594120502471924 1.6272670030593872 
3.6002705097198486 1.6641656160354614 
3.61257004737854 1.7072131633758545 
3.6248691082000732 1.7379615306854248 
3.6433184146881104 1.7625597715377808 
3.6556179523468018 1.7810089588165283 
3.6802165508270264 1.8056073188781738 
3.704814910888672 1.82405686378479 
3.7540125846862793 1.8486559391021729 
3.797060251235962 1.8609545230865479 
3.8401079177856445 1.873254418373108 
3.870856285095215 1.873254418373108 
3.9077541828155518 1.8671045303344727 
3.9508025646209717 1.8548047542572021 
4 1.8363556861877441 
4.049197196960449 1.8056073188781738 
4.092245101928711 1.7687100172042847 
4.129142761230469 1.7195124626159668 
4.153741836547852 1.6580157279968262 
4.159891128540039 1.584219217300415 
4.153741836547852 1.5104233026504517 
4.135292053222656 1.4550760984420776 
4.11069393157959 1.412028431892395 
4.0799455642700195 1.3812801837921143 
4.018448829650879 1.3259330987930298 
3.993849754333496 1.295184850692749 
3.981550455093384 1.2582868337631226 
3.9754011631011963 1.2152388095855713 
3.9754011631011963 1.1721910238265991 
3.9754011631011963 1.129143476486206 
3.981550455093384 1.0860955715179443 
3.9877004623413086 1.055347204208374 
3.993849754333496 1.0245990753173828 
4 1.0061497688293457 
4 1 