#num_vertices #num_cells #num_anchors #num_inputvertex #num_inputpoints 
36 25 2 1 50 
 
#vertices 
0 0 
1 0 
2 0 
3 0 
4 0 
5 0 
0 1 
1 1 
2 1 
3 1 
4 1 
5 1 
0 2 
1 2 
2 2 
3 2 
4 2 
5 2 
0 3 
1 3 
2 3 
3 3 
4 3 
5 3 
0 4 
1 4 
2 4 
3 4 
4 4 
5 4 
0 5 
1 5 
2 5 
3 5 
4 5 
5 5 
 
#anchors 
30 31 
 
#cells [type s=shear r=rigid a=active] 
s 0 1 7 6 
s 1 2 8 7 
s 2 3 9 8 
s 3 4 10 9 
s 4 5 11 10 
s 6 7 13 12 
s 7 8 14 13 
s 8 9 15 14 
s 9 10 16 15 
s 10 11 17 16 
s 12 13 19 18 
s 13 14 20 19 
s 14 15 21 20 
s 15 16 22 21 
s 16 17 23 22 
s 18 19 25 24 
s 19 20 26 25 
s 20 21 27 26 
s 21 22 28 27 
s 22 23 29 28 
s 24 25 31 30 
s 25 26 32 31 
s 26 27 33 32 
s 27 28 34 33 
s 28 29 35 34 
 
#input path 
10 
4 1 
4.060591697692871 1 
4.114451885223389 1.0336625576019287 
4.148114204406738 1.1077195405960083 
4.16157865524292 1.1952415704727173 
4.14138126373291 1.3029608726501465 
4.087522029876709 1.4039480686187744 
4.006731986999512 1.4914697408676147 
3.912477493286133 1.5587944984436035 
3.8047585487365723 1.5924568176269531 
3.7037713527679443 1.5991895198822021 
3.6229820251464844 1.5789917707443237 
3.569122314453125 1.5318644046783447 
3.555657386779785 1.4712721109390259 
3.569122314453125 1.4174126386642456 
3.6229820251464844 1.3702853918075562 
3.7037713527679443 1.343355655670166 
3.8047585487365723 1.3500882387161255 
3.912477493286133 1.383750319480896 
4.006731986999512 1.4510751962661743 
4.087522029876709 1.5385974645614624 
4.14138126373291 1.6463165283203125 
4.16157865524292 1.7473037242889404 
4.148114204406738 1.8415582180023193 
4.114451885223389 1.9088822603225708 
4.060591697692871 1.9425445795059204 
4 1.9425445795059204 
3.9461402893066406 1.9088822603225708 
3.912477493286133 1.8415582180023193 
3.899012565612793 1.7473037242889404 
3.919210195541382 1.6463165283203125 
3.973069906234741 1.5385974645614624 
4.053859710693359 1.4510751962661743 
4.148114204406738 1.383750319480896 
4.255833148956299 1.3500882387161255 
4.350087642669678 1.343355655670166 
4.437609672546387 1.3702853918075562 
4.491469383239746 1.4174126386642456 
4.504934310913086 1.4712721109390259 
4.491469383239746 1.5318644046783447 
4.437609672546387 1.5789917707443237 
4.350087642669678 1.5991895198822021 
4.255833148956299 1.5924568176269531 
4.148114204406738 1.5587944984436035 
4.053859710693359 1.4914697408676147 
3.973069906234741 1.4039480686187744 
3.919210195541382 1.3029608726501465 
3.899012565612793 1.1952415704727173 
3.912477493286133 1.1077195405960083 
3.9461402893066406 1.0336625576019287