#num_vertices #num_cells #num_anchors #num_inputvertex #num_inputpoints 
36 25 2 1 50 
 
#vertices 
0 0 
1 0 
2 0 
3 0 
4 0 
5 0 
0 1 
1 1 
2 1 
3 1 
4 1 
5 1 
0 2 
1 2 
2 2 
3 2 
4 2 
5 2 
0 3 
1 3 
2 3 
3 3 
4 3 
5 3 
0 4 
1 4 
2 4 
3 4 
4 4 
5 4 
0 5 
1 5 
2 5 
3 5 
4 5 
5 5 
 
#anchors 
30 31 
 
#cells [type s=shear r=rigid a=active] 
s 0 1 7 6 
s 1 2 8 7 
s 2 3 9 8 
s 3 4 10 9 
s 4 5 11 10 
s 6 7 13 12 
s 7 8 14 13 
s 8 9 15 14 
s 9 10 16 15 
s 10 11 17 16 
s 12 13 19 18 
s 13 14 20 19 
s 14 15 21 20 
s 15 16 22 21 
s 16 17 23 22 
s 18 19 25 24 
s 19 20 26 25 
s 20 21 27 26 
s 21 22 28 27 
s 22 23 29 28 
s 24 25 31 30 
s 25 26 32 31 
s 26 27 33 32 
s 27 28 34 33 
s 28 29 35 34 
 
#input path 
10 
4 1 
4.008541107177734 0.9914592504501343 
4.025623321533203 0.9572952389717102 
4.05124568939209 0.9060489535331726 
4.085410118103027 0.8548029661178589 
4.136655807495117 0.8035569787025452 
4.1964430809021 0.7608516812324524 
4.264771461486816 0.7266874313354492 
4.341640472412109 0.7096056342124939 
4.427050590515137 0.7266874313354492 
4.486837863922119 0.7523104548454285 
4.538084030151367 0.8035569787025452 
4.572247505187988 0.8633439540863037 
4.589330196380615 0.9402132034301758 
4.597870826721191 1.0256233215332031 
4.589330196380615 1.1281152963638306 
4.572247505187988 1.230607509613037 
4.538084030151367 1.341640830039978 
4.461215019226074 1.4612151384353638 
4.3672637939453125 1.572247862815857 
4.264771461486816 1.6832815408706665 
4.170820236206055 1.7772324085235596 
4.085410118103027 1.8541018962860107 
4.025623321533203 1.9053479433059692 
4 1.9224296808242798 
3.9743764400482178 1.9053479433059692 
3.9145896434783936 1.8541018962860107 
3.829179286956787 1.7857731580734253 
3.7352280616760254 1.69182288646698 
3.6327359676361084 1.5807894468307495 
3.5387847423553467 1.4612151384353638 
3.4619157314300537 1.3501818180084229 
3.4277517795562744 1.230607509613037 
3.4106695652008057 1.1281152963638306 
3.4021286964416504 1.0256233215332031 
3.4106695652008057 0.9402132034301758 
3.4277517795562744 0.8633439540863037 
3.4619157314300537 0.8035569787025452 
3.5131618976593018 0.7523104548454285 
3.572948932647705 0.7266874313354492 
3.6583590507507324 0.7096056342124939 
3.7352280616760254 0.7266874313354492 
3.8035566806793213 0.7608516812324524 
3.8633432388305664 0.8035569787025452 
3.9145896434783936 0.8548029661178589 
3.9487533569335938 0.9060489535331726 
3.9743764400482178 0.9572952389717102 
3.9914586544036865 0.9914592504501343 
4 1 
4 1 