#num_vertices #num_cells #num_anchors #num_inputvertex #num_inputpoints 
81 64 2 1 61 
 
#vertices 
0 0 
1 0 
2 0 
3 0 
4 0 
5 0 
6 0 
7 0 
8 0 
0 1 
1 1 
2 1 
3 1 
4 1 
5 1 
6 1 
7 1 
8 1 
0 2 
1 2 
2 2 
3 2 
4 2 
5 2 
6 2 
7 2 
8 2 
0 3 
1 3 
2 3 
3 3 
4 3 
5 3 
6 3 
7 3 
8 3 
0 4 
1 4 
2 4 
3 4 
4 4 
5 4 
6 4 
7 4 
8 4 
0 5 
1 5 
2 5 
3 5 
4 5 
5 5 
6 5 
7 5 
8 5 
0 6 
1 6 
2 6 
3 6 
4 6 
5 6 
6 6 
7 6 
8 6 
0 7 
1 7 
2 7 
3 7 
4 7 
5 7 
6 7 
7 7 
8 7 
0 8 
1 8 
2 8 
3 8 
4 8 
5 8 
6 8 
7 8 
8 8 
 
#anchors 
72 73 
 
#cells [type s=shear r=rigid a=active] 
s 0 1 10 9 
s 1 2 11 10 
s 2 3 12 11 
s 3 4 13 12 
s 4 5 14 13 
s 5 6 15 14 
s 6 7 16 15 
s 7 8 17 16 
s 9 10 19 18 
s 10 11 20 19 
s 11 12 21 20 
s 12 13 22 21 
s 13 14 23 22 
s 14 15 24 23 
s 15 16 25 24 
s 16 17 26 25 
s 18 19 28 27 
s 19 20 29 28 
s 20 21 30 29 
s 21 22 31 30 
s 22 23 32 31 
s 23 24 33 32 
s 24 25 34 33 
s 25 26 35 34 
s 27 28 37 36 
s 28 29 38 37 
s 29 30 39 38 
s 30 31 40 39 
s 31 32 41 40 
s 32 33 42 41 
s 33 34 43 42 
s 34 35 44 43 
s 36 37 46 45 
s 37 38 47 46 
s 38 39 48 47 
s 39 40 49 48 
s 40 41 50 49 
s 41 42 51 50 
s 42 43 52 51 
s 43 44 53 52 
s 45 46 55 54 
s 46 47 56 55 
s 47 48 57 56 
s 48 49 58 57 
s 49 50 59 58 
s 50 51 60 59 
s 51 52 61 60 
s 52 53 62 61 
s 54 55 64 63 
s 55 56 65 64 
s 56 57 66 65 
s 57 58 67 66 
s 58 59 68 67 
s 59 60 69 68 
s 60 61 70 69 
s 61 62 71 70 
s 63 64 73 72 
s 64 65 74 73 
s 65 66 75 74 
s 66 67 76 75 
s 67 68 77 76 
s 68 69 78 77 
s 69 70 79 78 
s 70 71 80 79 
 
#input path 
17 
8 1 
7.933574199676514 1.0506116151809692 
7.866694450378418 1.1016746759414673 
7.800719261169434 1.1527379751205444 
7.733839511871338 1.2033493518829346 
7.667864799499512 1.2539608478546143 
7.601436614990234 1.3050241470336914 
7.535009384155273 1.3560874462127686 
7.4685821533203125 1.4066985845565796 
7.398540019989014 1.350212812423706 
7.328496932983398 1.293726921081543 
7.258454322814941 1.2372410297393799 
7.187959671020508 1.1807548999786377 
7.117918014526367 1.1242690086364746 
7.04787540435791 1.0677833557128906 
6.977832317352295 1.0112972259521484 
6.907790184020996 0.9548118710517883 
7.048778057098389 0.9548118710517883 
7.190219402313232 0.9548118710517883 
7.331660270690918 0.9548118710517883 
7.472649097442627 0.9548118710517883 
7.613637447357178 0.9548118710517883 
7.7550787925720215 0.9548118710517883 
7.896518707275391 0.9548118710517883 
8.03750991821289 0.9548118710517883 
8.03750991821289 1.0677833557128906 
8.03750991821289 1.1807548999786377 
8.03750991821289 1.293726921081543 
8.03750991821289 1.4066985845565796 
8.03750991821289 1.5196707248687744 
8.03750991821289 1.632642149925232 
8.03750991821289 1.7456144094467163 
8.03750991821289 1.8585858345031738 
7.896518707275391 1.8585858345031738 
7.7550787925720215 1.8585858345031738 
7.613637447357178 1.8585858345031738 
7.472649097442627 1.8585858345031738 
7.331660270690918 1.8585858345031738 
7.190219402313232 1.8585858345031738 
7.048778057098389 1.8585858345031738 
6.907790184020996 1.8585858345031738 
6.907790184020996 1.7510371208190918 
6.907790184020996 1.6434876918792725 
6.907790184020996 1.5359381437301636 
6.907790184020996 1.4288411140441895 
6.907790184020996 1.3212919235229492 
6.907790184020996 1.2137428522109985 
6.907790184020996 1.1061936616897583 
6.907790184020996 0.9986445307731628 
6.9972639083862305 0.9986445307731628 
7.088996887207031 0.999096691608429 
7.1857008934021 0.999096691608429 
7.273818492889404 0.999096691608429 
7.357870101928711 0.999096691608429 
7.444631576538086 0.9995483160018921 
7.554892063140869 0.9995483160018921 
7.654307842254639 0.9995483160018921 
7.750107765197754 0.9995483160018921 
7.837322235107422 1 
7.924084663391113 1 
8 1 