#num_vertices #num_cells #num_anchors #num_inputvertex #num_inputpoints 
81 64 2 1 49 
 
#vertices 
0 0 
1 0 
2 0 
3 0 
4 0 
5 0 
6 0 
7 0 
8 0 
0 1 
1 1 
2 1 
3 1 
4 1 
5 1 
6 1 
7 1 
8 1 
0 2 
1 2 
2 2 
3 2 
4 2 
5 2 
6 2 
7 2 
8 2 
0 3 
1 3 
2 3 
3 3 
4 3 
5 3 
6 3 
7 3 
8 3 
0 4 
1 4 
2 4 
3 4 
4 4 
5 4 
6 4 
7 4 
8 4 
0 5 
1 5 
2 5 
3 5 
4 5 
5 5 
6 5 
7 5 
8 5 
0 6 
1 6 
2 6 
3 6 
4 6 
5 6 
6 6 
7 6 
8 6 
0 7 
1 7 
2 7 
3 7 
4 7 
5 7 
6 7 
7 7 
8 7 
0 8 
1 8 
2 8 
3 8 
4 8 
5 8 
6 8 
7 8 
8 8 
 
#anchors 
72 73 
 
#cells [type s=shear r=rigid a=active] 
s 0 1 10 9 
s 1 2 11 10 
s 2 3 12 11 
s 3 4 13 12 
s 4 5 14 13 
s 5 6 15 14 
s 6 7 16 15 
s 7 8 17 16 
s 9 10 19 18 
s 10 11 20 19 
s 11 12 21 20 
s 12 13 22 21 
s 13 14 23 22 
s 14 15 24 23 
s 15 16 25 24 
s 16 17 26 25 
s 18 19 28 27 
s 19 20 29 28 
s 20 21 30 29 
s 21 22 31 30 
s 22 23 32 31 
s 23 24 33 32 
s 24 25 34 33 
s 25 26 35 34 
s 27 28 37 36 
s 28 29 38 37 
s 29 30 39 38 
s 30 31 40 39 
s 31 32 41 40 
s 32 33 42 41 
s 33 34 43 42 
s 34 35 44 43 
s 36 37 46 45 
s 37 38 47 46 
s 38 39 48 47 
s 39 40 49 48 
s 40 41 50 49 
s 41 42 51 50 
s 42 43 52 51 
s 43 44 53 52 
s 45 46 55 54 
s 46 47 56 55 
s 47 48 57 56 
s 48 49 58 57 
s 49 50 59 58 
s 50 51 60 59 
s 51 52 61 60 
s 52 53 62 61 
s 54 55 64 63 
s 55 56 65 64 
s 56 57 66 65 
s 57 58 67 66 
s 58 59 68 67 
s 59 60 69 68 
s 60 61 70 69 
s 61 62 71 70 
s 63 64 73 72 
s 64 65 74 73 
s 65 66 75 74 
s 66 67 76 75 
s 67 68 77 76 
s 68 69 78 77 
s 69 70 79 78 
s 70 71 80 79 
 
#input path 
16 
7 1 
7.007030487060547 0.9839184880256653 
7.028049468994141 0.9415826797485352 
7.063129901885986 0.8816684484481812 
7.1121978759765625 0.8130031824111938 
7.175327301025391 0.7443375587463379 
7.252445697784424 0.6844242215156555 
7.343625068664551 0.6420877575874329 
7.448792457580566 0.626006007194519 
7.550593376159668 0.6396194100379944 
7.632273197174072 0.6785897612571716 
7.694655418395996 0.7403732538223267 
7.738637924194336 0.8223527669906616 
7.7651166915893555 0.9218355417251587 
7.774840354919434 1.0362027883529663 
7.768856525421143 1.1629120111465454 
7.747987747192383 1.2991951704025269 
7.694356918334961 1.4451278448104858 
7.5995869636535645 1.5971943140029907 
7.47841215133667 1.7475395202636719 
7.345943450927734 1.8882362842559814 
7.216916084289551 2.011354923248291 
7.106363296508789 2.1091175079345703 
7.0290961265563965 2.1735191345214844 
7 2.196781635284424 
6.970902442932129 2.1739678382873535 
6.893635272979736 2.1104636192321777 
6.783082485198975 2.014047622680664 
6.654055595397949 1.892200231552124 
6.5215864181518555 1.7527004480361938 
6.400412082672119 1.6030285358428955 
6.3056416511535645 1.450812578201294 
6.252011775970459 1.3037580251693726 
6.231142520904541 1.1659789085388184 
6.225158214569092 1.0381476879119873 
6.234882354736328 0.9229573011398315 
6.261361122131348 0.8229511976242065 
6.305342674255371 0.7406727075576782 
6.367724895477295 0.6786643862724304 
6.449405193328857 0.6396194100379944 
6.551207065582275 0.626006007194519 
6.656373500823975 0.6420877575874329 
6.74755334854126 0.6844242215156555 
6.824671268463135 0.7443375587463379 
6.887801170349121 0.8130031824111938 
6.9368696212768555 0.8816684484481812 
6.971950054168701 0.9415826797485352 
6.9929680824279785 0.9839184880256653 
7 1 
