#num_vertices #num_cells #num_anchors #index_inputvertex #num_inputpoints #index_outputvertex #num_outputpoints
25 16 2 1 36 -1 0 

#vertices
2 2
3 2
3 3
2 3
4 3
4 4
3 4
5 4
5 5
4 5
2 4
3 5
2 5
4 2
5 2
5 3
6 2
6 3
6 4
6 5
6 6
5 6
4 6
3 6
2 6

#anchors
9 11

#cells [type s=shear r=rigid]
s 0 1 2 3 
s 2 4 5 6 
s 5 7 8 9 
s 10 6 11 12 
s 3 2 6 10 
s 6 5 9 11 
s 4 15 7 5 
s 14 16 17 15 
s 15 17 18 7 
s 7 18 19 8 
s 8 19 20 21 
s 9 8 21 22 
s 11 9 22 23 
s 12 11 23 24 
s 1 13 4 2 
s 13 14 15 4 

#input path
16
6.2658	1.8559
6.2285	1.8559
6.1767	1.8592
6.1102	1.8559
6.0616	1.8559
6.0244	1.8527
5.9757	1.8527
5.9077	1.8527
5.8380	1.8495
5.7829	1.8527
5.7278	1.8495
5.6954	1.8689
5.6678	1.9143
5.6565	1.9726
5.6613	2.0407
5.6775	2.0763
5.7018	2.1055
5.7488	2.1476
5.7894	2.1833
5.8218	2.2125
5.8542	2.2287
5.8996	2.2222
5.9352	2.2157
5.9757	2.1995
6.0276	2.1833
6.0713	2.1574
6.1427	2.1314
6.1961	2.0990
6.2334	2.0763
6.2691	2.0569
6.3063	2.0212
6.3323	1.9661
6.3339	1.9175
6.3274	1.8884
6.3080	1.8657
6.2674	1.8559
